1 1926000
2 969800
3 966900
4 1024300
5 986300
6 975200
7 1092000
8 992200
9 975300
10 990100
11 950399
12 957199
13 970800
14 951099
15 983100
16 989900
17 1023600
18 1058200
19 867900
20 758100
21 753499
22 679801
23 676700
24 678699
25 681201
26 723400
27 679900
28 677199
29 674700
30 677000
31 751201
32 698200
33 767101
34 675301
35 679500
36 673499
37 675199
38 676200
39 1058500
40 1034200
41 955201
42 968800
43 953600
44 972400
45 1148800
46 1041700
47 989701
48 990200
49 969501
50 1081101
51 1061799
52 2193699
53 679499
54 677100
55 679400
56 679400
57 684399
58 681001
59 678199
60 754099
61 678500
62 674700
63 676300
64 674100
65 740000
66 677700
67 674801
68 753800
69 672900
70 675200
71 674900
72 687501
73 932001
74 733701
75 757200
76 673400
77 674899
78 675099
79 687700
80 657800
81 659400
82 770100
83 768700
84 707701
85 735301
86 692200
87 943100
88 937699
89 934600
90 1116800
91 958600
92 958499
93 962100
94 971601
95 1043300
96 981500
97 1083301
98 978800
99 1039699
100 1054499
101 1057599
102 1052200
103 966701
104 973000
105 957201
106 952399
107 1186900
108 983500
109 943699
110 944799
111 971399
112 958300
113 1098000
114 1079401
115 1129400
116 1001099
117 988700
118 974400
119 1058901
120 1039200
121 952300
122 954499
123 949601
124 955299
125 1036299
126 1086100
127 1042201
128 982599
129 976000
130 1003699
131 1065699
132 991900
133 970200
134 954099
135 951900
136 1035201
137 956199
138 956199
139 958701
140 968400
141 962401
142 1105201
143 1354500
144 1105500
145 974001
146 953800
147 1024200
148 1195899
149 952000
150 956201
151 954201
152 969000
153 1030300
154 1052201
155 1051401
156 979400
157 978900
158 971300
159 1241800
160 959800
161 948999
162 934699
163 932101
164 934301
165 968800
166 980500
167 959700
168 984499
169 981300
170 1030800
171 1058900
172 994900
173 991000
174 954300
175 944799
176 1133400
177 965100
178 929800
179 946600
180 936201
181 937300
182 2555100
183 733600
184 673600
185 658400
186 657600
187 659100
188 743699
189 725200
190 724200
191 655201
192 683899
193 676301
194 672700
195 674300
196 673500
197 758801
198 676800
199 671399
200 748801
201 673300
202 673900
203 674500
204 672600
205 668701
206 738299
207 739299
208 675500
209 673500
210 683899
211 672901
212 671599
213 677200
214 1014100
215 673999
216 678700
217 675201
218 676300
219 673900
220 672300
221 673999
222 685200
223 747500
224 702400
225 671300
226 744199
227 678500
228 673000
229 673500
230 658100
231 658399
232 862300
233 1052199
234 759399
235 913700
236 699400
237 662200
238 658500
239 657900
240 1022299
241 753900
242 716201
243 711100
244 674800
245 672499
246 682799
247 675200
248 745400
249 767200
250 674000
251 671699
252 674400
253 681701
254 675301
255 671400
256 675500
257 754800
258 688100
259 673300
260 735199
261 674201
262 674400
263 675100
264 672899
265 741000
266 674901
267 783500
268 676200
269 673599
270 670700
271 686500
272 672700
273 674700
274 743700
275 777800
276 674900
277 672100
278 674100
279 671300
280 669001
281 675099
282 673500
283 735400
284 682501
285 673000
286 754499
287 683700
288 671800
289 674901
290 672100
291 687199
292 743300
293 830400
294 676300
295 657201
296 657900
297 721300
298 660200
299 658500
300 660800
301 810100
302 2219101
303 679201
304 677100
305 676200
306 675201
307 688101
308 783801
309 737100
310 677201
311 675401
312 736901
313 674400
314 676099
315 674199
316 722100
317 883999
318 704000
319 657101
320 670399
321 658800
322 656299
323 658099
324 667000
325 780399
326 755800
327 761500
328 757099
329 670999
330 673400
331 672100
332 680800
333 673400
334 738600
335 751200
336 675100
337 674100
338 670901
339 949000
340 802099
341 700800
342 744300
343 674201
344 672700
345 763500
346 674499
347 674600
348 673401
349 673199
350 672999
351 737899
352 740600
353 674300
354 673999
355 675300
356 672700
357 685000
358 669900
359 734200
360 720400
361 678700
362 675499
363 763501
364 673600
365 677400
366 657601
367 656400
368 658901
369 825400
370 735001
371 656000
372 657501
373 659600
374 656800
375 658800
376 659500
377 659500
378 884401
379 773799
380 679800
381 658800
382 656300
383 669499
384 660300
385 659900
386 659500
387 844700
388 722699
389 659400
390 776300
391 658400
392 655899
393 661500
394 657201
395 744000
396 767100
397 718700
398 660701
399 667500
400 658001
401 657400
402 656300
403 681400
404 748700
405 673500
406 672199
407 756600
408 686500
409 673899
410 671400
411 671400
412 671201
413 743501
414 741800
415 672700
416 734600
417 673800
418 672301
419 671399
420 670201
421 681399
422 2548501
423 955400
424 956500
425 952799
426 1029600
427 1003601
428 1080900
429 971501
430 977801
431 974299
432 1057201
433 1036600
434 961701
435 1099999
436 953800
437 951700
438 1025599
439 953100
440 1034601
441 961499
442 977400
443 973600
444 1044101
445 991800
446 977201
447 961300
448 962800
449 1111800
450 958701
451 1028900
452 948600
453 967401
454 958200
455 1033700
456 1088201
457 977899
458 976999
459 959700
460 948000
461 1193700
462 1039700
463 968900
464 826799
465 656600
466 659799
467 657900
468 751201
469 675600
470 714499
471 769000
472 671700
473 682699
474 673301
475 672999
476 672100
477 739299
478 804201
479 672300
480 673800
481 672500
482 672700
483 673499
484 671399
485 672900
486 757900
487 673199
488 674700
489 771400
490 675201
491 673101
492 670000
493 675100
494 657100
495 823600
496 723100
497 656800
498 719099
499 697399
500 655801
501 655900
502 656900
503 657699
504 835701
505 656301
506 656001
507 656200
508 655799
509 656601
510 656201
511 656100
512 734800
513 822700
514 779900
515 655800
516 717399
517 658800
518 657400
519 656300
520 656400
521 658700
522 791801
523 780800
524 721900
525 712600
526 656299
527 733100
528 656000
529 656100
530 764901
531 862699
532 672500
533 767100
534 670401
535 672200
536 673401
537 683200
538 674400
539 737399
540 742500
541 742599
542 858301
543 684100
544 673901
545 670001
546 673800
547 762200
548 680501
549 686000
550 696400
551 692599
552 672299
553 671300
554 671900
555 671800
556 737499
557 672101
558 739101
559 675400
560 673000
561 672901
562 683100
563 672201
564 673900
565 739200
566 682300
567 671799
568 670001
569 681900
570 675801
571 675500
572 750901
573 685600
574 672700
575 762400
576 674400
577 674700
578 673400
579 671600
580 679300
581 738901
582 672500
583 675199
584 669800
585 673700
586 693799
587 671600
588 673099
589 672100
590 743000
591 674600
592 672600
593 772500
594 672401
595 671100
596 673800
597 669899
598 671999
599 749300
600 792199
601 678699
602 669600
603 685601
604 672499
605 671700
606 676500
607 656100
608 839100
609 736201
610 655500
611 666300
612 656101
613 658900
614 656500
615 656200
616 655599
617 785700
618 758500
619 679500
620 761400
621 669299
622 672200
623 672100
624 681801
625 670500
626 778201
627 753200
628 673100
629 672700
630 672700
631 672900
632 735000
633 672501
634 670099
635 673700
636 714001
637 711000
638 733700
639 671600
640 673100
641 676999
642 674301
643 738600
644 811600
645 674700
646 674100
647 672100
648 672500
649 683701
650 672100
651 676599
652 749900
653 674600
654 673100
655 763600
656 673800
657 676800
658 657601
659 659001
660 657700
661 798900
662 737700
663 656400
664 655399
665 658200
666 657400
667 657700
668 656400
669 655599
670 854000
671 655299
672 678801
673 657499
674 656500
675 667000
676 656101
677 657300
678 659600
679 785701
680 766201
681 714600
682 731101
683 658701
684 656800
685 657600
686 656201
687 656301
688 760100
689 848201
690 673500
691 658800
692 658300
693 656800
694 657200
695 657400
696 746401
697 718700
698 672901
699 672200
700 748600
701 683200
702 674200
703 672501
704 671501
705 672700
706 737199
707 736499
708 673700
709 673200
710 672700
711 671900
712 670999
713 672200
714 682500
715 1983100
716 688600
717 673401
718 672500
719 672201
720 674801
721 674999
722 687100
723 677701
724 674401
725 681699
726 687600
727 673001
728 672901
729 672001
730 671600
731 683000
732 681999
733 700500
734 675199
735 671299
736 674199
737 669700
738 671399
739 672200
740 685601
741 674800
742 674099
743 678000
744 689000
745 671601
746 676100
747 670800
748 672901
749 672100
750 676600
751 688800
752 689100
753 674499
754 672700
755 685200
756 673000
757 672700
758 674600
759 702999
760 960300
761 656199
762 670499
763 660901
764 661900
765 654500
766 658199
767 662401
768 717600
769 674001
770 654899
771 658900
772 656500
773 655401
774 686700
775 657600
776 703000
777 844000
778 677799
779 666000
780 657200
781 655200
782 659300
783 655201
784 657400
785 673100
786 680001
787 674500
788 679000
789 688401
790 674399
791 674900
792 673300
793 674600
794 684100
795 701100
796 698299
797 672100
798 674700
799 669700
800 672500
801 670100
802 671800
803 686399
804 686100
805 680599
806 673600
807 692100
808 672200
809 670001
810 671601
811 690700
812 655600
813 1070100
814 675199
815 658000
816 663801
817 655300
818 653300
819 657600
820 656201
821 654101
822 849901
823 677101
824 678600
825 673001
826 669500
827 670100
828 672099
829 677400
830 670900
831 681100
832 675000
833 692999
834 691900
835 674201
836 673500
837 683200
838 658100
839 656100
840 791200
841 668400
842 694499
843 659100
844 685999
845 656000
846 658401
847 655901
848 657000
849 736900
850 741301
851 672999
852 693399
853 672499
854 670700
855 678200
856 671800
857 673200
858 689000
859 689201
860 687400
861 685900
862 677800
863 676601
864 677500
865 678300
866 675199
867 676700
868 674899
869 674900
870 673099
871 684599
872 678700
873 672500
874 671099
875 675400
876 673900
877 671201
878 672399
879 671600
880 674600
881 672401
882 671001
883 673000
884 673500
885 732200
886 971200
887 765701
888 678300
889 672100
890 672900
891 678400
892 675699
893 673600
894 671800
895 674299
896 675100
897 670800
898 670401
899 674901
900 673101
901 673400
902 679400
903 673700
904 676201
905 671100
906 669900
907 673900
908 676800
909 684900
910 672100
911 676600
912 678600
913 673900
914 671100
915 674600
916 673900
917 672200
918 673400
919 672700
920 676800
921 671501
922 670900
923 673300
924 672700
925 672600
926 672500
927 672301
928 660099
929 760299
930 659200
931 656600
932 658200
933 658500
934 658799
935 657100
936 656799
937 657000
938 697200
939 772800
940 680500
941 673599
942 673600
943 669399
944 671700
945 672700
946 674000
947 677200
948 676299
949 684399
950 674600
951 672999
952 672900
953 671599
954 675600
955 672800
956 673700
957 673000
958 673901
959 672099
960 670601
961 673900
962 673299
963 675001
964 672000
965 671000
966 749799
967 673299
968 672199
969 670601
970 673300
971 673700
972 673000
973 669300
974 676599
975 677800
976 672700
977 670199
978 670399
979 683399
980 656300
981 654001
982 658500
983 656999
984 765800
985 655100
986 655601
987 658700
988 667701
989 655500
990 659000
991 657200
992 659500
993 817900
994 703700
995 657799
996 693800
997 656300
998 658801
999 659101
1000 659300
