1 1545699
2 543000
3 535400
4 534600
5 536501
6 534700
7 537299
8 539100
9 536000
10 536600
11 533801
12 536100
13 534199
14 534200
15 536100
16 542899
17 537200
18 539000
19 568000
20 539300
21 537100
22 536501
23 579500
24 536600
25 532800
26 536100
27 537699
28 535699
29 540801
30 539101
31 535200
32 546801
33 536800
34 535801
35 538099
36 536100
37 568400
38 537700
39 534800
40 533100
41 534300
42 534101
43 536400
44 535900
45 534100
46 537299
47 534501
48 533601
49 536600
50 536399
51 533600
52 532801
53 535800
54 533400
55 535700
56 533100
57 537200
58 534000
59 536200
60 534900
61 533900
62 533899
63 535300
64 591401
65 582900
66 536399
67 535200
68 535600
69 534400
70 548300
71 534100
72 534400
73 541700
74 534399
75 535201
76 536299
77 535901
78 538100
79 533901
80 534900
81 533201
82 534400
83 533500
84 536200
85 539600
86 538601
87 536401
88 535000
89 538400
90 535800
91 573800
92 566299
93 588800
94 533400
95 532800
96 534700
97 534200
98 538399
99 536199
100 600700
101 533600
102 534300
103 533601
104 538200
105 535799
106 534600
107 558400
108 535900
109 532801
110 535100
111 540800
112 535600
113 534400
114 537500
115 603800
116 535001
117 534601
118 549400
119 523400
120 526200
121 668000
122 585800
123 553999
124 542900
125 521001
126 522100
127 522700
128 557499
129 520999
130 522399
131 521501
132 533000
133 605900
134 534300
135 536499
136 535600
137 545101
138 537800
139 535400
140 538701
141 537301
142 605201
143 595900
144 538700
145 621300
146 537200
147 533501
148 534600
149 537400
150 536000
151 540100
152 545901
153 536600
154 600600
155 536800
156 534800
157 537100
158 534700
159 534400
160 535701
161 536199
162 533300
163 606200
164 535100
165 572700
166 557299
167 550000
168 534300
169 533200
170 535200
171 534499
172 533899
173 578500
174 647900
175 534601
176 535299
177 535601
178 534500
179 533200
180 544600
181 534200
182 539100
183 535000
184 537301
185 536799
186 532801
187 532600
188 533399
189 536900
190 535000
191 595501
192 561000
193 539400
194 595200
195 533700
196 540200
197 545100
198 538800
199 534300
200 651101
201 825901
202 750900
203 635600
204 603199
205 538101
206 608700
207 531801
208 536900
209 533900
210 606000
211 539800
212 534501
213 533800
214 537101
215 534301
216 535200
217 601899
218 654800
219 535200
220 539200
221 532499
222 536599
223 535701
224 533300
225 537499
226 535900
227 600701
228 538900
229 565700
230 535700
231 524600
232 521800
233 522400
234 565899
235 525200
236 552701
237 523600
238 646600
239 659999
240 588800
241 521801
242 576699
243 523100
244 523799
245 525200
246 523700
247 521500
248 524999
249 658600
250 724900
251 591000
252 572400
253 521600
254 590400
255 523200
256 520301
257 520299
258 525900
259 620999
260 550600
261 540199
262 533100
263 591699
264 549901
265 539100
266 534700
267 534500
268 535300
269 598901
270 540399
271 613000
272 539000
273 533900
274 535599
275 534400
276 536100
277 535799
278 535001
279 537201
280 639000
281 535600
282 535100
283 555899
284 597500
285 535300
286 532700
287 536799
288 534300
289 539200
290 538599
291 596401
292 537100
293 536799
294 530900
295 546600
296 537000
297 532400
298 536000
299 536900
300 534500
301 534500
302 600300
303 535800
304 535699
305 540800
306 522801
307 521199
308 522699
309 563501
310 533800
311 523001
312 639801
313 642200
314 528400
315 606001
316 525400
317 522900
318 524500
319 523200
320 522700
321 668700
322 692700
323 563001
324 525200
325 520399
326 525900
327 542400
328 523700
329 524100
330 674900
331 644201
332 538501
333 614999
334 533399
335 532800
336 546901
337 542501
338 532599
339 594200
340 655400
341 536900
342 531999
343 534200
344 534300
345 524401
346 526099
347 522300
348 608100
349 584399
350 561701
351 693199
352 520100
353 525100
354 522700
355 522200
356 523801
357 621799
358 659999
359 597100
360 616400
361 522200
362 538499
363 524401
364 521200
365 521399
366 633300
367 673400
368 526201
369 526399
370 569400
371 598400
372 539100
373 535200
374 534100
375 616899
376 559999
377 536401
378 602800
379 538000
380 537100
381 536701
382 534200
383 536800
384 600100
385 534201
386 538900
387 534999
388 547400
389 536100
390 534200
391 541499
392 536001
393 636600
394 533499
395 533799
396 555600
397 536301
398 534799
399 534701
400 536199
401 537200
402 543901
403 598800
404 597900
405 539300
406 535201
407 533200
408 540101
409 538099
410 542901
411 520200
412 674000
413 592500
414 522901
415 530600
416 523899
417 522201
418 523100
419 522300
420 528700
421 650399
422 657701
423 548600
424 617999
425 523600
426 524399
427 521300
428 551600
429 521500
430 602999
431 689699
432 538900
433 522700
434 522499
435 522500
436 537900
437 534301
438 536801
439 609200
440 534800
441 547500
442 584400
443 538000
444 535501
445 533301
446 547400
447 535901
448 534900
449 533600
450 650100
451 535800
452 533501
453 537800
454 540399
455 536900
456 533200
457 533300
458 536100
459 534900
460 533500
461 536599
462 535800
463 535501
464 534900
465 534999
466 537501
467 597600
468 543200
469 533300
470 623299
471 535900
472 534600
473 537500
474 536301
475 540101
476 597100
477 534500
478 537100
479 535600
480 532100
481 602200
482 536900
483 537501
484 533400
485 530799
486 542499
487 585200
488 572300
489 535401
490 535800
491 536200
492 534500
493 533501
494 535801
495 536600
496 662600
497 539000
498 538900
499 535500
500 535899
501 532399
502 536800
503 535800
504 605200
505 537000
506 533600
507 606900
508 537599
509 537600
510 535000
511 537600
512 537500
513 602799
514 605800
515 534900
516 536100
517 541000
518 533900
519 533700
520 535500
521 607599
522 573900
523 539100
524 539200
525 549700
526 533001
527 534200
528 533700
529 538100
530 534000
531 534100
532 538000
533 575799
534 548099
535 570799
536 539500
537 532900
538 534801
539 639200
540 537100
541 578299
542 602699
543 534601
544 536699
545 539700
546 530001
547 542999
548 540200
549 535100
550 539101
551 536200
552 535399
553 588301
554 536100
555 531200
556 534800
557 522899
558 520900
559 663400
560 611400
561 523601
562 523100
563 521201
564 528100
565 535200
566 519999
567 522800
568 604900
569 635800
570 536000
571 533500
572 532600
573 536301
574 546300
575 532400
576 535100
577 537300
578 536401
579 535199
580 536399
581 597600
582 532999
583 523301
584 521700
585 525700
586 520800
587 678300
588 656700
589 590500
590 541401
591 525101
592 523700
593 523000
594 526300
595 521199
596 620200
597 537000
598 536599
599 613300
600 535900
601 536399
602 547600
603 535199
604 534801
605 610200
606 535700
607 637400
608 626700
609 532500
610 534300
611 533100
612 543201
613 620501
614 535799
615 535501
616 574400
617 554999
618 535801
619 537000
620 537800
621 534400
622 533401
623 533600
624 533100
625 607100
626 535100
627 533300
628 545100
629 535300
630 534200
631 534201
632 536200
633 532000
634 534300
635 590899
636 537000
637 538499
638 533900
639 533700
640 541000
641 537900
642 536700
643 534800
644 540000
645 535100
646 540100
647 537800
648 547201
649 605401
650 534799
651 538401
652 535300
653 536100
654 535000
655 533600
656 534900
657 536900
658 604700
659 543900
660 532801
661 533300
662 535701
663 533901
664 535200
665 532001
666 535199
667 631400
668 541600
669 534399
670 535500
671 603600
672 533500
673 534100
674 533401
675 545100
676 533701
677 533400
678 597700
679 537000
680 596200
681 534801
682 534601
683 539401
684 533100
685 541200
686 522101
687 520100
688 523200
689 520600
690 720900
691 581599
692 522700
693 521700
694 523400
695 520600
696 525401
697 522500
698 524901
699 526700
700 522199
701 644600
702 556200
703 524500
704 620499
705 527099
706 524899
707 559401
708 524100
709 522501
710 525001
711 638001
712 654900
713 679400
714 523700
715 527301
716 522401
717 524100
718 527000
719 522100
720 520300
721 520199
722 757401
723 633499
724 537200
725 604201
726 524900
727 519200
728 525500
729 523899
730 521899
731 522601
732 610600
733 581600
734 661400
735 537700
736 534701
737 548500
738 539100
739 533300
740 533601
741 532100
742 544500
743 602800
744 537000
745 535400
746 537500
747 587001
748 541101
749 533500
750 535100
751 532699
752 532700
753 544399
754 593999
755 535500
756 600800
757 590500
758 534200
759 538700
760 536300
761 536300
762 534199
763 540300
764 526400
765 723700
766 526400
767 520900
768 522199
769 568099
770 525201
771 524001
772 564801
773 520700
774 523399
775 521301
776 637500
777 680700
778 578501
779 563799
780 566500
781 520700
782 522300
783 522201
784 532899
785 526600
786 525300
787 796800
788 670200
789 538200
790 522001
791 523200
792 523901
793 532700
794 582200
795 524900
796 521800
797 547401
798 671500
799 610400
800 537599
801 579500
802 520399
803 522200
804 522199
805 523300
806 528500
807 520300
808 562800
809 595900
810 533101
811 534300
812 534400
813 533799
814 535799
815 533500
816 536700
817 536501
818 534100
819 538601
820 533700
821 535501
822 535000
823 534600
824 533999
825 534501
826 532901
827 532601
828 535200
829 532499
830 534900
831 537401
832 535799
833 533500
834 532100
835 537100
836 545800
837 535100
838 535399
839 532500
840 535200
841 535601
842 538000
843 536500
844 538100
845 533701
846 535400
847 532701
848 536000
849 535699
850 532900
851 535701
852 534599
853 533800
854 534799
855 532900
856 532900
857 534801
858 532600
859 535700
860 533800
861 534400
862 533700
863 532800
864 539999
865 540500
866 532800
867 537900
868 536199
869 534899
870 534500
871 532800
872 534299
873 532601
874 539401
875 597901
876 712100
877 556200
878 523200
879 553000
880 525600
881 522800
882 520700
883 522200
884 534400
885 521099
886 631199
887 522300
888 523200
889 522300
890 522001
891 523099
892 524201
893 523800
894 523300
895 523300
896 563199
897 671199
898 591600
899 572400
900 522100
901 519700
902 523400
903 522900
904 523401
905 523200
906 520800
907 524199
908 552400
909 662599
910 686199
911 554400
912 520600
913 523500
914 522899
915 521600
916 521101
917 521600
918 521600
919 653400
920 725799
921 547100
922 536200
923 533801
924 538500
925 540600
926 533200
927 535200
928 534800
929 536000
930 536799
931 534900
932 531699
933 533200
934 531800
935 533999
936 536000
937 538800
938 519499
939 520900
940 524801
941 592200
942 523600
943 523401
944 521600
945 521100
946 522000
947 521201
948 522200
949 522400
950 532001
951 523001
952 544299
953 598701
954 534801
955 533100
956 534500
957 535000
958 534799
959 534500
960 535301
961 537301
962 538100
963 533501
964 538499
965 539900
966 533100
967 536000
968 533301
969 534000
970 534901
971 533501
972 532800
973 534100
974 534200
975 537301
976 533700
977 539399
978 540600
979 532900
980 545999
981 533300
982 537900
983 536100
984 534500
985 559600
986 705200
987 643101
988 522099
989 550300
990 524799
991 550300
992 523100
993 527300
994 524699
995 522001
996 523401
997 576001
998 534600
999 570901
1000 562900
