1 2433800
2 1678600
3 1537200
4 1062800
5 1044300
6 1056699
7 1050600
8 1067400
9 1065500
10 1745301
11 1144900
12 1241099
13 1413601
14 1303801
15 1239800
16 1254201
17 1542500
18 793000
19 682401
20 729301
21 744999
22 699500
23 710599
24 777200
25 669500
26 723400
27 727401
28 723100
29 659700
30 665599
31 664600
32 656200
33 2383701
34 665399
35 537699
36 541001
37 549500
38 552300
39 538201
40 537599
41 536900
42 540199
43 636999
44 537501
45 536799
46 531700
47 534700
48 536300
49 519800
50 535200
51 539200
52 515501
53 545700
54 550700
55 527799
56 519501
57 520700
58 516000
59 517700
60 519900
61 518999
62 519401
63 519101
64 521399
65 525400
66 524301
67 523300
68 517000
69 518800
70 639899
71 638100
72 638600
73 642200
74 682901
75 643601
76 643600
77 642000
78 653400
79 659600
80 671701
81 690801
82 683600
83 671700
84 672500
85 647100
86 643000
87 645099
88 641701
89 640900
90 636500
91 637200
92 641900
93 526000
94 527999
95 523000
96 528200
97 528400
98 592400
99 543501
100 520900
101 517600
102 534100
103 517200
104 518700
105 518999
106 518900
107 518800
108 517900
109 584000
110 521300
111 520401
112 521800
113 593500
114 518601
115 517700
116 522000
117 519300
118 530900
119 520101
120 581100
121 564300
122 654600
123 519000
124 522101
125 518000
126 521800
127 523300
128 539400
129 545500
130 576200
131 783000
132 607200
133 538699
134 596000
135 503900
136 508300
137 509399
138 508601
139 509799
140 506500
141 590500
142 523000
143 588600
144 519600
145 578000
146 518900
147 526900
148 536000
149 518000
150 615200
151 640800
152 645500
153 645100
154 718700
155 644800
156 639400
157 649400
158 661300
159 671601
160 680899
161 673300
162 665601
163 674700
164 649700
165 638001
166 642200
167 738800
168 825099
169 626000
170 628999
171 638901
172 624400
173 622399
174 626800
175 759600
176 767100
177 627401
178 696001
179 628499
180 625300
181 630200
182 655300
183 959800
184 729399
185 652600
186 629000
187 630100
188 626300
189 647500
190 703900
191 644700
192 647501
193 714700
194 650200
195 643600
196 641300
197 653300
198 639000
199 643400
200 709201
201 639001
202 653201
203 662200
204 671800
205 678400
206 740400
207 662200
208 659300
209 647900
210 636701
211 638799
212 641599
213 624600
214 622799
215 722500
216 808201
217 703100
218 624800
219 624100
220 627100
221 625301
222 763801
223 749999
224 640801
225 641400
226 646300
227 671301
228 699199
229 677900
230 756100
231 648400
232 683600
233 641300
234 650099
235 627300
236 627800
237 642799
238 898599
239 761700
240 631600
241 627000
242 624600
243 625900
244 628401
245 630600
246 665100
247 685600
248 730000
249 668699
250 679601
251 669900
252 661700
253 724000
254 651701
255 645000
256 645201
257 643399
258 639300
259 637300
260 643601
261 774301
262 675099
263 641700
264 653200
265 638900
266 640800
267 640800
268 640100
269 708400
270 769800
271 646000
272 723600
273 705901
274 679801
275 668199
276 646900
277 717199
278 712400
279 637300
280 639100
281 642000
282 639500
283 638100
284 639600
285 684500
286 646999
287 640801
288 708499
289 641800
290 639100
291 648600
292 635500
293 767300
294 703000
295 656601
296 695600
297 510800
298 523500
299 512300
300 696700
301 519500
302 519200
303 525000
304 523200
305 517200
306 520600
307 518900
308 517801
309 530100
310 519000
311 591299
312 520500
313 519499
314 518900
315 602900
316 520599
317 517600
318 527200
319 508701
320 507899
321 507600
322 569799
323 568300
324 764500
325 559200
326 692500
327 511200
328 508500
329 507599
330 506799
331 509200
332 505900
333 599000
334 522800
335 516000
336 522100
337 519701
338 516900
339 520700
340 515501
341 517800
342 518300
343 515900
344 527099
345 526400
346 518700
347 521299
348 569500
349 648500
350 516601
351 519599
352 519101
353 518700
354 515900
355 522199
356 523300
357 517600
358 516300
359 516900
360 520700
361 517700
362 518199
363 520800
364 519000
365 522100
366 517800
367 516200
368 520300
369 517600
370 517600
371 518301
372 517300
373 524299
374 516701
375 519300
376 520201
377 517299
378 519600
379 517800
380 521500
381 517399
382 517200
383 536301
384 506500
385 506299
386 507901
387 505600
388 508800
389 509501
390 653000
391 619200
392 508001
393 563301
394 519600
395 504999
396 507601
397 507699
398 508100
399 520199
400 515000
401 523099
402 517800
403 519800
404 518901
405 520100
406 518200
407 517300
408 518299
409 520100
410 517601
411 519000
412 523600
413 521101
414 521400
415 518300
416 516400
417 517600
418 519501
419 528100
420 520100
421 521800
422 523500
423 531901
424 517700
425 518400
426 516900
427 520399
428 516900
429 517300
430 521301
431 519401
432 519500
433 506800
434 507200
435 605400
436 569100
437 509300
438 510100
439 506500
440 508300
441 503899
442 715600
443 520800
444 506600
445 505700
446 597100
447 660599
448 520299
449 517600
450 515501
451 519500
452 517500
453 515500
454 517601
455 518499
456 518701
457 521299
458 523400
459 519401
460 543399
461 639300
462 517800
463 518001
464 522201
465 518900
466 520000
467 525500
468 520600
469 517300
470 517800
471 519499
472 519701
473 520900
474 516200
475 518800
476 519200
477 519301
478 517400
479 517401
480 521700
481 518200
482 520699
483 517399
484 516601
485 519300
486 517800
487 518199
488 520700
489 520400
490 518700
491 517700
492 524600
493 1961001
494 526300
495 525801
496 527000
497 523700
498 525400
499 522799
500 525600
501 522800
502 521700
503 523001
504 524000
505 523899
506 526400
507 522300
508 524299
509 523201
510 524400
511 509000
512 588801
513 525200
514 511700
515 507200
516 545300
517 538599
518 508400
519 507500
520 510499
521 509501
522 508700
523 601799
524 561201
525 509701
526 506599
527 508599
528 507400
529 506099
530 507400
531 507299
532 508400
533 507300
534 685800
535 568300
536 509300
537 507499
538 519800
539 506801
540 506000
541 506800
542 523100
543 525500
544 517400
545 520601
546 524600
547 520399
548 516701
549 519500
550 517900
551 517500
552 517601
553 518000
554 520300
555 518500
556 520800
557 514799
558 516000
559 519900
560 520700
561 516800
562 516900
563 518300
564 520800
565 516601
566 519900
567 517501
568 527499
569 519201
570 517500
571 519100
572 520800
573 516800
574 514901
575 517100
576 518399
577 518001
578 517999
579 521700
580 521600
581 518501
582 517700
583 518700
584 519000
585 516400
586 520900
587 528400
588 519599
589 522000
590 517401
591 519901
592 520900
593 519400
594 539700
595 519800
596 519300
597 518500
598 518101
599 519400
600 519101
601 518100
602 521399
603 520099
604 519300
605 517600
606 518301
607 516799
608 530400
609 516200
610 506700
611 508300
612 508201
613 506400
614 622701
615 508101
616 506400
617 507100
618 507400
619 671401
620 506900
621 508300
622 506700
623 504900
624 504100
625 532999
626 519999
627 520101
628 519800
629 519401
630 518500
631 518700
632 517700
633 517601
634 515100
635 519000
636 519500
637 532499
638 519601
639 517201
640 521900
641 518101
642 521901
643 519999
644 518000
645 517600
646 517700
647 518201
648 523400
649 522200
650 516900
651 518900
652 516499
653 519999
654 516000
655 519200
656 516699
657 516699
658 520700
659 520001
660 522299
661 521999
662 517400
663 520400
664 518800
665 517900
666 519201
667 516800
668 517800
669 518200
670 517301
671 525800
672 529600
673 516201
674 517299
675 519800
676 518000
677 515299
678 515500
679 516599
680 518800
681 519201
682 517501
683 521500
684 521001
685 521301
686 528300
687 517201
688 520800
689 518200
690 516800
691 745801
692 695999
693 628600
694 626399
695 623599
696 626800
697 626500
698 625900
699 780300
700 635200
701 639700
702 640900
703 637600
704 637800
705 639900
706 642000
707 711600
708 647301
709 673499
710 743799
711 638601
712 638800
713 625800
714 626500
715 789300
716 710900
717 647800
718 627000
719 627700
720 636201
721 627600
722 625700
723 764099
724 642399
725 641400
726 692501
727 646500
728 652800
729 638499
730 650100
731 744400
732 954099
733 788300
734 641600
735 641500
736 639700
737 640301
738 726800
739 727901
740 639999
741 728401
742 636000
743 642200
744 637499
745 637701
746 638701
747 639100
748 706201
749 638500
750 639699
751 656701
752 649401
753 653501
754 689800
755 771400
756 640899
757 633799
758 635600
759 520400
760 516900
761 518300
762 518499
763 516500
764 596300
765 519600
766 516100
767 518301
768 597601
769 520400
770 518101
771 517300
772 517500
773 517600
774 519101
775 582300
776 519401
777 583300
778 580201
779 516300
780 528301
781 517500
782 516200
783 519399
784 517399
785 520600
786 518699
787 520600
788 519699
789 516500
790 560201
791 519399
792 517299
793 518600
794 516101
795 518400
796 521000
797 520400
798 581000
799 517200
800 516699
801 529300
802 517700
803 519200
804 517400
805 517600
806 529500
807 506000
808 506000
809 662200
810 596600
811 508501
812 508000
813 544200
814 507700
815 505100
816 503901
817 507600
818 506899
819 506600
820 567200
821 617001
822 560900
823 520300
824 593400
825 520700
826 516900
827 519300
828 519900
829 528400
830 518399
831 581600
832 548600
833 583999
834 518500
835 519700
836 520499
837 517100
838 516901
839 517900
840 516200
841 519200
842 517499
843 523100
844 581100
845 532400
846 587000
847 520300
848 517599
849 528600
850 517200
851 520199
852 520700
853 518700
854 631999
855 587300
856 522000
857 518900
858 517199
859 517000
860 518700
861 527701
862 516900
863 516400
864 517600
865 591799
866 524399
867 580201
868 573300
869 520200
870 519699
871 518700
872 519100
873 519999
874 517000
875 518700
876 580701
877 529901
878 582700
879 518900
880 517599
881 519100
882 518299
883 518301
884 516200
885 516700
886 529400
887 593399
888 578299
889 507200
890 507599
891 507700
892 506800
893 519100
894 508899
895 506200
896 507000
897 505700
898 552200
899 684100
900 590199
901 537400
902 550101
903 623300
904 507400
905 507500
906 503500
907 506900
908 506400
909 517600
910 677500
911 648201
912 509600
913 508499
914 504800
915 507300
916 509201
917 505300
918 507400
919 506000
920 507500
921 652799
922 576901
923 571500
924 569600
925 519199
926 519500
927 514200
928 507500
929 2209200
930 510901
931 511300
932 530700
933 520899
934 519599
935 519301
936 519500
937 519200
938 520999
939 520001
940 515701
941 567400
942 589499
943 518000
944 516600
945 526500
946 519699
947 520900
948 517400
949 517700
950 517701
951 517700
952 523600
953 520700
954 517300
955 520800
956 518600
957 519900
958 518700
959 521700
960 515400
961 517400
962 517301
963 521700
964 545600
965 520200
966 515500
967 518700
968 514900
969 516200
970 518500
971 516699
972 518301
973 514500
974 517900
975 522101
976 523200
977 522000
978 515300
979 522001
980 526200
981 518301
982 519000
983 516799
984 519300
985 517900
986 519600
987 517601
988 517501
989 519499
990 518100
991 516700
992 534500
993 520099
994 519000
995 517700
996 522100
997 547299
998 682999
999 810300
1000 507200
