1 1579300
2 693100
3 661701
4 661700
5 697200
6 717301
7 715500
8 683799
9 664100
10 656500
11 1044900
12 1066501
13 929099
14 655600
15 670300
16 679699
17 714000
18 726700
19 530300
20 356200
21 333399
22 331499
23 333101
24 331801
25 334799
26 334700
27 330100
28 331800
29 331001
30 331600
31 331500
32 330100
33 331899
34 329500
35 333500
36 331600
37 332601
38 332000
39 610300
40 618599
41 615900
42 619400
43 618100
44 622000
45 620100
46 634700
47 647701
48 658100
49 671800
50 676100
51 660099
52 1682099
53 332600
54 328800
55 333200
56 328799
57 329700
58 331400
59 330600
60 334500
61 329901
62 330999
63 329199
64 328600
65 328100
66 335700
67 333901
68 373501
69 412900
70 359200
71 327401
72 328400
73 586300
74 372200
75 327400
76 325900
77 328000
78 327700
79 330199
80 328501
81 333200
82 331099
83 330301
84 329000
85 329201
86 331399
87 616101
88 616001
89 614599
90 617699
91 614300
92 618700
93 613500
94 621499
95 632600
96 631901
97 658699
98 667900
99 679600
100 654900
101 658701
102 622800
103 618200
104 615900
105 619499
106 616300
107 614900
108 614800
109 617500
110 621801
111 630599
112 666000
113 664699
114 665399
115 669400
116 646900
117 634899
118 622700
119 617200
120 617300
121 610399
122 614400
123 615400
124 614299
125 616499
126 623699
127 629501
128 677500
129 684901
130 674100
131 652600
132 634800
133 624200
134 601401
135 658499
136 740099
137 606800
138 599699
139 605600
140 621500
141 620901
142 636500
143 648800
144 726400
145 645500
146 628700
147 613200
148 618300
149 616400
150 621699
151 615400
152 617699
153 620600
154 634800
155 638799
156 665500
157 670200
158 645399
159 629300
160 761600
161 604800
162 601400
163 601700
164 601600
165 601501
166 605401
167 604601
168 654301
169 665400
170 670499
171 671900
172 651700
173 637901
174 620100
175 616901
176 614300
177 648000
178 614701
179 617400
180 614500
181 626599
182 1965000
183 327999
184 331800
185 329299
186 333299
187 329700
188 329200
189 327300
190 328200
191 332400
192 328200
193 330400
194 327600
195 329001
196 326701
197 326099
198 330501
199 326800
200 330600
201 328001
202 326600
203 327500
204 326801
205 328499
206 328101
207 331300
208 327900
209 326500
210 329000
211 327700
212 327900
213 331899
214 618400
215 326600
216 342400
217 326900
218 328500
219 328099
220 326500
221 329300
222 336600
223 323300
224 320399
225 318900
226 318700
227 321900
228 466999
229 406200
230 321000
231 318801
232 411900
233 378001
234 361300
235 360300
236 323701
237 320899
238 351400
239 320500
240 320000
241 320800
242 319499
243 320100
244 319500
245 320800
246 321301
247 324700
248 428400
249 348500
250 393800
251 318700
252 320300
253 323301
254 319201
255 319401
256 367200
257 322900
258 322399
259 319700
260 319701
261 358100
262 322700
263 320700
264 456300
265 413101
266 324599
267 366699
268 329600
269 328301
270 329301
271 328300
272 327599
273 332000
274 328501
275 329600
276 326001
277 335001
278 326601
279 327601
280 396300
281 507500
282 339599
283 326800
284 334400
285 331399
286 328299
287 328000
288 326101
289 326700
290 328500
291 328999
292 327900
293 327999
294 327500
295 333301
296 332899
297 327300
298 335800
299 332000
300 327901
301 330399
302 329400
303 1760801
304 329801
305 328599
306 328100
307 326900
308 327500
309 328100
310 327700
311 327800
312 328900
313 326300
314 327499
315 327900
316 326700
317 328100
318 327100
319 327200
320 329100
321 327800
322 329600
323 326299
324 327201
325 326900
326 327700
327 357900
328 326899
329 330200
330 325800
331 326100
332 328200
333 327299
334 327800
335 328099
336 326900
337 328300
338 327000
339 328099
340 329100
341 328101
342 326200
343 333400
344 329401
345 328799
346 326999
347 328799
348 327901
349 326000
350 328299
351 340300
352 327200
353 328900
354 327100
355 326601
356 328599
357 325800
358 329601
359 408499
360 322099
361 320399
362 319499
363 320000
364 320600
365 320000
366 320100
367 319800
368 320800
369 320799
370 355799
371 318701
372 320100
373 320800
374 325999
375 320600
376 391900
377 408900
378 470100
379 351700
380 320801
381 320800
382 334400
383 327101
384 329200
385 327300
386 328899
387 327400
388 326301
389 327201
390 326900
391 328499
392 329000
393 366700
394 327099
395 327701
396 326100
397 326999
398 329800
399 326900
400 325400
401 327700
402 326600
403 374199
404 337300
405 334200
406 343100
407 321500
408 439200
409 364000
410 344100
411 322500
412 353200
413 321200
414 352600
415 320900
416 322399
417 321299
418 321100
419 323701
420 321399
421 320701
422 322599
423 322400
424 2449000
425 650101
426 641001
427 621400
428 614600
429 613699
430 619301
431 636900
432 620300
433 616500
434 624900
435 635300
436 662000
437 664200
438 676400
439 657500
440 633500
441 615800
442 614300
443 618200
444 614899
445 616000
446 615901
447 629900
448 637100
449 630300
450 665700
451 674801
452 651300
453 647401
454 623400
455 618501
456 624200
457 627100
458 615101
459 617499
460 614600
461 608499
462 616501
463 638300
464 684101
465 656400
466 642300
467 629500
468 604200
469 406000
470 321000
471 319600
472 351500
473 319700
474 321201
475 400000
476 319200
477 322200
478 319400
479 320699
480 320700
481 320000
482 351301
483 319200
484 436500
485 320100
486 320500
487 319500
488 320300
489 322000
490 321600
491 391800
492 482600
493 386800
494 348299
495 319900
496 320300
497 353999
498 321401
499 319301
500 320400
501 320500
502 319700
503 321200
504 320900
505 321500
506 321000
507 343599
508 332600
509 327901
510 350300
511 356799
512 376999
513 349101
514 323100
515 321400
516 319501
517 367200
518 319900
519 322499
520 318699
521 320700
522 320300
523 336400
524 332101
525 331800
526 329400
527 328400
528 328599
529 329900
530 328700
531 329600
532 326300
533 330100
534 327600
535 328100
536 327400
537 326399
538 329999
539 327000
540 327100
541 330299
542 327900
543 329700
544 327100
545 326600
546 328800
547 326600
548 329201
549 328100
550 326900
551 328799
552 326600
553 328400
554 327900
555 328500
556 327700
557 328101
558 339900
559 366100
560 481400
561 468700
562 333500
563 327700
564 329000
565 326900
566 329301
567 327600
568 327900
569 326900
570 328001
571 328601
572 1810800
573 331999
574 332200
575 330100
576 327500
577 330100
578 328900
579 329700
580 329600
581 329100
582 328700
583 329601
584 342300
585 328400
586 341900
587 413600
588 333500
589 327800
590 326800
591 328700
592 327001
593 328199
594 328100
595 326000
596 327501
597 327101
598 327600
599 327199
600 326800
601 326801
602 327299
603 331800
604 329199
605 329301
606 325900
607 329201
608 326800
609 326900
610 328000
611 327300
612 328199
613 327500
614 327299
615 330400
616 326500
617 328900
618 327399
619 328399
620 330800
621 326000
622 328101
623 328101
624 326800
625 328200
626 326000
627 328200
628 327201
629 326501
630 327400
631 327100
632 328600
633 327900
634 327500
635 325800
636 329800
637 329400
638 329000
639 330099
640 328600
641 328201
642 328300
643 328000
644 331401
645 326299
646 328700
647 325800
648 327200
649 328799
650 326900
651 327399
652 326900
653 328399
654 326700
655 326300
656 338800
657 327900
658 327099
659 326999
660 327900
661 329101
662 326899
663 334699
664 319600
665 321000
666 320401
667 319499
668 321401
669 319300
670 402200
671 445400
672 369401
673 321600
674 319200
675 326599
676 322400
677 387099
678 321700
679 319399
680 323799
681 320200
682 345600
683 321200
684 321000
685 319401
686 366800
687 331299
688 327800
689 329001
690 327500
691 328000
692 326400
693 327100
694 332000
695 327500
696 326500
697 327400
698 326300
699 328700
700 326100
701 327900
702 328600
703 332301
704 349800
705 328500
706 327700
707 328099
708 327200
709 326100
710 328401
711 327900
712 327101
713 330299
714 326800
715 327499
716 327900
717 326701
718 329100
719 329901
720 1845201
721 330799
722 328499
723 327800
724 338600
725 326600
726 327800
727 329400
728 327800
729 328299
730 326900
731 326701
732 327800
733 327800
734 328900
735 326600
736 329101
737 325900
738 329800
739 329899
740 326700
741 327200
742 328400
743 326900
744 329201
745 326700
746 327600
747 327901
748 326700
749 326700
750 332700
751 348400
752 327900
753 327600
754 326900
755 327100
756 328000
757 325900
758 329600
759 326700
760 326601
761 326000
762 326999
763 328801
764 325801
765 327101
766 332399
767 328099
768 333200
769 327301
770 327601
771 328099
772 327501
773 325999
774 328400
775 327600
776 327201
777 325600
778 326299
779 339101
780 321299
781 318101
782 321800
783 434201
784 321200
785 318701
786 319001
787 322199
788 319199
789 319000
790 319800
791 318800
792 322201
793 319000
794 320100
795 320700
796 319600
797 331500
798 319800
799 321200
800 347400
801 403101
802 338300
803 335001
804 328399
805 326401
806 328501
807 326200
808 328200
809 325600
810 327000
811 329200
812 326599
813 326000
814 327400
815 326401
816 330300
817 333900
818 362900
819 327901
820 327401
821 327099
822 327600
823 327600
824 327600
825 326700
826 326501
827 327600
828 321300
829 318700
830 321900
831 319500
832 320501
833 394700
834 389199
835 399699
836 352101
837 321201
838 321300
839 319800
840 320699
841 318899
842 320901
843 320500
844 320000
845 319200
846 320900
847 320500
848 319900
849 373500
850 320200
851 320200
852 318800
853 318499
854 321700
855 319100
856 319700
857 318799
858 318801
859 321301
860 347800
861 320600
862 319799
863 319000
864 322599
865 318400
866 403001
867 1833400
868 321701
869 319399
870 320800
871 319601
872 343799
873 326800
874 329000
875 328000
876 327399
877 329301
878 327400
879 333200
880 335700
881 328300
882 329400
883 328099
884 331500
885 325800
886 327900
887 327099
888 328900
889 330201
890 326500
891 331000
892 326600
893 327200
894 332001
895 327800
896 333800
897 347101
898 332300
899 329299
900 326499
901 329400
902 328600
903 330800
904 328201
905 326300
906 328400
907 328800
908 329999
909 326100
910 327800
911 326900
912 327899
913 334400
914 328600
915 333600
916 326899
917 327100
918 332700
919 327001
920 331500
921 326099
922 326900
923 329000
924 327400
925 330200
926 328300
927 330099
928 328001
929 326200
930 330999
931 328100
932 330501
933 326501
934 327899
935 330299
936 328301
937 341001
938 326800
939 327800
940 327599
941 326600
942 330199
943 327699
944 330900
945 320299
946 338400
947 337101
948 319299
949 321600
950 320900
951 319701
952 338500
953 360200
954 322600
955 321300
956 362300
957 386899
958 320500
959 319800
960 320701
961 322100
962 318701
963 417899
964 451400
965 356100
966 320601
967 320700
968 388701
969 320100
970 322401
971 320600
972 322200
973 318999
974 320200
975 322700
976 348600
977 322801
978 319000
979 409401
980 394399
981 337699
982 321100
983 319200
984 324000
985 318800
986 319600
987 320799
988 320000
989 322400
990 320700
991 321700
992 320400
993 319500
994 370700
995 344399
996 373700
997 413800
998 422599
999 437600
1000 324200
