1 2357801
2 1768700
3 1157801
4 817000
5 815401
6 807801
7 803399
8 605000
9 419500
10 416000
11 418400
12 418200
13 427700
14 433299
15 436101
16 428900
17 441800
18 470499
19 453900
20 438900
21 429900
22 431299
23 427400
24 420101
25 428399
26 440899
27 418400
28 418899
29 415800
30 415301
31 414300
32 418001
33 2278200
34 417700
35 291300
36 296699
37 293000
38 301601
39 294600
40 291000
41 311999
42 291999
43 291401
44 291101
45 297100
46 274800
47 290900
48 351199
49 335000
50 282100
51 285900
52 288101
53 284600
54 283500
55 417199
56 284600
57 284800
58 282500
59 281601
60 308600
61 290199
62 281599
63 271100
64 268399
65 271300
66 270099
67 277100
68 272900
69 287301
70 395700
71 396900
72 400801
73 405400
74 405500
75 404700
76 402601
77 420099
78 403400
79 407400
80 417000
81 407200
82 405301
83 397100
84 398201
85 401700
86 397800
87 392300
88 391300
89 399100
90 389101
91 393500
92 394200
93 285201
94 282200
95 279699
96 284401
97 281900
98 282400
99 283200
100 282200
101 292600
102 282400
103 282700
104 280500
105 281700
106 281101
107 356500
108 319700
109 283601
110 281100
111 279700
112 282600
113 280400
114 280900
115 281800
116 282301
117 279900
118 281700
119 283600
120 280600
121 280800
122 280000
123 283000
124 282301
125 354100
126 285900
127 294300
128 275001
129 266801
130 351600
131 411700
132 267500
133 268500
134 269000
135 278599
136 267500
137 267801
138 269800
139 269300
140 267900
141 266100
142 338100
143 318700
144 268300
145 268100
146 268001
147 269801
148 272000
149 267499
150 365600
151 407400
152 393099
153 400599
154 404999
155 406399
156 470600
157 414001
158 446799
159 412300
160 470900
161 402700
162 394100
163 392700
164 396100
165 389800
166 389201
167 489500
168 389500
169 455701
170 391600
171 391400
172 388500
173 391100
174 394401
175 404200
176 398299
177 417001
178 412800
179 443999
180 405000
181 391501
182 392901
183 493200
184 397800
185 385100
186 389201
187 386900
188 385000
189 378300
190 456499
191 384899
192 418200
193 458800
194 383300
195 385799
196 386000
197 381700
198 390000
199 408800
200 397900
201 478700
202 478800
203 443400
204 421001
205 400800
206 400099
207 386900
208 389399
209 562700
210 393900
211 465201
212 399100
213 443901
214 390700
215 442199
216 394300
217 393100
218 392800
219 394600
220 402800
221 398600
222 476600
223 408401
224 498200
225 469699
226 402300
227 405700
228 400900
229 410800
230 407000
231 397201
232 395900
233 494000
234 393500
235 393500
236 392700
237 446799
238 389300
239 393900
240 396300
241 393400
242 391400
243 401101
244 466500
245 408299
246 480500
247 407900
248 405100
249 409800
250 410700
251 406000
252 393799
253 397500
254 394600
255 390900
256 441400
257 396301
258 392199
259 392699
260 393500
261 396400
262 391900
263 391800
264 396200
265 401799
266 402399
267 506100
268 408100
269 410000
270 448699
271 424400
272 407599
273 403300
274 405999
275 398899
276 402100
277 397800
278 465501
279 403100
280 391800
281 392501
282 392901
283 390001
284 388200
285 403899
286 392900
287 391200
288 397001
289 400400
290 507400
291 453000
292 397701
293 469900
294 399300
295 407599
296 392200
297 276400
298 365301
299 286700
300 263400
301 329399
302 265800
303 321699
304 264400
305 262800
306 263999
307 264899
308 268600
309 268700
310 269601
311 269200
312 269400
313 267500
314 268700
315 275600
316 279201
317 336400
318 269500
319 275601
320 269100
321 268400
322 267199
323 270600
324 268100
325 267700
326 268400
327 268600
328 268700
329 269100
330 267600
331 268999
332 269100
333 268099
334 268300
335 267899
336 338001
337 269400
338 269699
339 271300
340 268100
341 268900
342 318400
343 341300
344 274800
345 269801
346 268600
347 270101
348 316601
349 396500
350 267600
351 267499
352 281900
353 268099
354 334400
355 307899
356 270999
357 396300
358 276000
359 269801
360 272200
361 268700
362 267100
363 266899
364 266401
365 267801
366 267700
367 266500
368 269000
369 267600
370 266500
371 268200
372 268801
373 355801
374 270800
375 269099
376 269200
377 267300
378 268601
379 292801
380 269901
381 268699
382 267201
383 265900
384 267399
385 268000
386 267300
387 265700
388 268500
389 262400
390 278200
391 260900
392 360000
393 360799
394 333500
395 263800
396 272200
397 261300
398 263999
399 261900
400 260900
401 328600
402 260700
403 262401
404 261400
405 260800
406 264201
407 260900
408 261599
409 262399
410 264000
411 335400
412 413499
413 324600
414 338300
415 278400
416 284700
417 318200
418 267600
419 269799
420 267199
421 267200
422 268600
423 278500
424 266500
425 268800
426 267600
427 268100
428 266101
429 330401
430 270000
431 268800
432 331101
433 282700
434 269900
435 267599
436 269300
437 267600
438 268201
439 267801
440 267000
441 266899
442 280500
443 261999
444 262399
445 260700
446 261299
447 292801
448 346900
449 329899
450 260301
451 274200
452 263599
453 261200
454 261300
455 261800
456 262401
457 260699
458 263400
459 262101
460 286099
461 384500
462 262200
463 263300
464 263101
465 260700
466 262500
467 382401
468 314300
469 333901
470 263400
471 262700
472 264001
473 303699
474 317300
475 262700
476 262900
477 262600
478 300300
479 262601
480 263600
481 261299
482 263700
483 260800
484 260900
485 263200
486 380800
487 287300
488 304301
489 263300
490 261199
491 261200
492 260500
493 1780200
494 274901
495 273600
496 276000
497 273799
498 271599
499 274700
500 371201
501 332200
502 356600
503 261999
504 289600
505 262200
506 292100
507 318400
508 260800
509 264300
510 261099
511 259800
512 265901
513 263001
514 262100
515 263301
516 261800
517 263800
518 261399
519 390001
520 269500
521 267800
522 335600
523 266400
524 266400
525 327599
526 267801
527 267300
528 267199
529 267001
530 268200
531 267900
532 266901
533 267600
534 268400
535 266801
536 266299
537 267901
538 338500
539 306201
540 317699
541 267600
542 268600
543 268300
544 268700
545 267001
546 268201
547 268800
548 267400
549 267200
550 269999
551 268901
552 267700
553 267001
554 266600
555 275800
556 269101
557 342100
558 268999
559 272100
560 302100
561 269700
562 268100
563 287000
564 327800
565 266900
566 268201
567 269001
568 268100
569 269200
570 267500
571 266901
572 268800
573 266600
574 278001
575 263301
576 389800
577 334900
578 277100
579 262800
580 294500
581 383700
582 318900
583 261200
584 292900
585 261700
586 261401
587 260800
588 329500
589 262400
590 262700
591 261200
592 261101
593 272901
594 368101
595 278301
596 340200
597 264000
598 263100
599 261100
600 319200
601 321001
602 267600
603 268199
604 267200
605 267600
606 269101
607 265299
608 266600
609 288200
610 267201
611 267599
612 268800
613 335300
614 269700
615 266899
616 335400
617 271700
618 267900
619 267000
620 268000
621 267200
622 268700
623 267299
624 267000
625 267801
626 267400
627 268000
628 275500
629 261600
630 262301
631 262400
632 350600
633 262101
634 355499
635 264700
636 302900
637 261100
638 285800
639 279600
640 265901
641 264400
642 266000
643 262599
644 261900
645 260299
646 261800
647 262300
648 259499
649 261301
650 262600
651 352001
652 285001
653 262900
654 324601
655 262700
656 291799
657 260101
658 260800
659 262099
660 262600
661 262300
662 262800
663 262200
664 274600
665 261301
666 261400
667 263000
668 260700
669 260700
670 261900
671 350000
672 383100
673 260801
674 260301
675 272899
676 260701
677 260000
678 261100
679 261000
680 261599
681 261199
682 261500
683 260100
684 261600
685 263999
686 261200
687 261901
688 324201
689 264000
690 387600
691 414600
692 382400
693 383600
694 383799
695 382200
696 381901
697 385100
698 381200
699 546700
700 404100
701 402400
702 409100
703 405701
704 406301
705 432400
706 408800
707 404600
708 399101
709 393700
710 468499
711 403600
712 449900
713 395900
714 475300
715 388501
716 400200
717 381100
718 383400
719 381400
720 417601
721 381700
722 439100
723 455500
724 395600
725 387900
726 399001
727 398899
728 403400
729 391699
730 394300
731 391800
732 386701
733 522500
734 442800
735 382799
736 410800
737 379300
738 394500
739 380700
740 383501
741 381601
742 380000
743 380801
744 386599
745 530400
746 468200
747 482300
748 414500
749 410800
750 399300
751 402099
752 393500
753 386101
754 381799
755 386399
756 585799
757 379100
758 441000
759 262700
760 260500
761 259699
762 261200
763 262200
764 262200
765 263799
766 261099
767 259300
768 261600
769 263900
770 260100
771 262400
772 262100
773 327499
774 309100
775 362999
776 264800
777 320899
778 261399
779 302499
780 319401
781 294200
782 260900
783 260699
784 261600
785 262501
786 260700
787 263200
788 260101
789 261200
790 277000
791 261300
792 341300
793 312500
794 268100
795 334100
796 273799
797 262100
798 361501
799 275300
800 271799
801 266299
802 267400
803 268900
804 266000
805 266800
806 281699
807 268400
808 265601
809 267100
810 267000
811 349000
812 268201
813 270400
814 277899
815 267800
816 267200
817 292100
818 323499
819 268700
820 267500
821 265399
822 269101
823 267100
824 266700
825 268000
826 259400
827 261400
828 262601
829 262501
830 260099
831 324599
832 262800
833 312000
834 272500
835 262800
836 264100
837 261900
838 261900
839 263700
840 262199
841 260500
842 261001
843 263199
844 261600
845 262400
846 260800
847 261100
848 263700
849 262800
850 367800
851 322700
852 325601
853 340300
854 306000
855 269100
856 269900
857 266700
858 267399
859 266400
860 267800
861 280401
862 265600
863 267900
864 267400
865 267500
866 270500
867 267300
868 348600
869 271000
870 271599
871 276401
872 267401
873 267700
874 295899
875 315900
876 267100
877 268100
878 266700
879 265700
880 267500
881 267200
882 267800
883 266900
884 266900
885 267299
886 267900
887 333100
888 276200
889 310799
890 341701
891 269100
892 266500
893 268400
894 266500
895 266600
896 269100
897 267301
898 268101
899 268500
900 266900
901 266401
902 268500
903 268000
904 266201
905 327700
906 266700
907 276800
908 272300
909 269001
910 269001
911 268500
912 268200
913 329100
914 266801
915 268399
916 278701
917 266500
918 267199
919 265999
920 267299
921 270400
922 267300
923 266400
924 269101
925 267900
926 331000
927 267700
928 267301
929 1692200
930 281800
931 280100
932 281900
933 279701
934 279399
935 267199
936 265500
937 268300
938 267000
939 267301
940 279000
941 344200
942 329999
943 268200
944 267500
945 272200
946 267301
947 268100
948 268601
949 266799
950 267300
951 273000
952 268400
953 267099
954 272300
955 268701
956 267600
957 268100
958 333700
959 269800
960 339200
961 268500
962 272500
963 271800
964 267600
965 267400
966 292800
967 335099
968 266600
969 265900
970 267899
971 267700
972 267000
973 268001
974 266400
975 267300
976 269400
977 267099
978 266700
979 333199
980 282100
981 296200
982 333599
983 267400
984 270800
985 266700
986 266700
987 267699
988 266700
989 268600
990 266300
991 267399
992 268401
993 267500
994 266700
995 280500
996 314899
997 268500
998 334400
999 272600
1000 268001
