1 1225100
2 260301
3 240800
4 242800
5 241600
6 242101
7 240400
8 247700
9 243899
10 239501
11 243999
12 240500
13 250500
14 240000
15 240999
16 241001
17 239000
18 239201
19 243700
20 240800
21 241000
22 253400
23 239500
24 239000
25 239199
26 239800
27 240600
28 239300
29 238500
30 236700
31 241300
32 242900
33 240800
34 243700
35 239100
36 240200
37 241700
38 237501
39 237499
40 235701
41 236701
42 236601
43 246300
44 242300
45 240000
46 236700
47 239300
48 236800
49 426700
50 424999
51 410900
52 435500
53 441101
54 438100
55 446900
56 454900
57 426200
58 241599
59 270700
60 238300
61 237100
62 237199
63 236801
64 239200
65 235500
66 235100
67 234699
68 238200
69 237799
70 234500
71 233601
72 235500
73 235200
74 236500
75 235599
76 406301
77 241200
78 239500
79 236100
80 236399
81 234200
82 236200
83 241401
84 238599
85 235100
86 237099
87 236000
88 239200
89 235599
90 234300
91 282599
92 297900
93 298200
94 238300
95 237000
96 237399
97 235100
98 236000
99 234200
100 233000
101 236600
102 235699
103 233501
104 236100
105 235000
106 299100
107 243199
108 235399
109 307700
110 238099
111 236499
112 236400
113 235100
114 235701
115 236900
116 235900
117 235300
118 236401
119 234900
120 234500
121 233001
122 235300
123 233800
124 234700
125 303600
126 235199
127 235800
128 245800
129 236301
130 235301
131 260800
132 253600
133 233901
134 237400
135 234500
136 235400
137 233701
138 237401
139 236501
140 236000
141 236400
142 235000
143 234899
144 235499
145 233900
146 236200
147 239100
148 235000
149 238700
150 236600
151 235100
152 235900
153 236200
154 236099
155 236201
156 236500
157 233900
158 234400
159 237800
160 237800
161 235399
162 237000
163 234301
164 235600
165 235701
166 306700
167 247000
168 235300
169 236600
170 325700
171 240400
172 236400
173 235599
174 235801
175 235200
176 237000
177 237700
178 238000
179 235200
180 236900
181 307499
182 236099
183 236600
184 237000
185 236100
186 236100
187 236000
188 235000
189 247300
190 235201
191 238201
192 236500
193 236699
194 235100
195 234300
196 305200
197 237000
198 237301
199 236501
200 236500
201 236199
202 237499
203 236000
204 282700
205 276401
206 270801
207 247300
208 238100
209 237201
210 319701
211 237600
212 237900
213 234200
214 235599
215 238000
216 261900
217 295799
218 235901
219 236200
220 235201
221 234601
222 234000
223 234300
224 236100
225 233700
226 235100
227 234501
228 234201
229 235100
230 234000
231 236000
232 236100
233 234900
234 238100
235 236900
236 233799
237 234800
238 235100
239 247300
240 234601
241 236800
242 236099
243 234501
244 236901
245 238900
246 234199
247 236800
248 235100
249 234200
250 235300
251 306600
252 235800
253 239600
254 263100
255 235301
256 240900
257 256900
258 273601
259 237000
260 235000
261 237000
262 236800
263 235900
264 238600
265 235400
266 235000
267 237399
268 235100
269 233700
270 357699
271 235599
272 238199
273 299201
274 234799
275 236300
276 235200
277 235299
278 248700
279 234901
280 234500
281 236000
282 233401
283 234801
284 235200
285 234700
286 234500
287 237000
288 229800
289 228801
290 229700
291 363100
292 313400
293 245101
294 228600
295 228101
296 231000
297 241100
298 229799
299 230200
300 229001
301 228700
302 229100
303 229199
304 228400
305 228200
306 228300
307 227299
308 228200
309 228400
310 229099
311 298199
312 297299
313 230099
314 254899
315 234700
316 296999
317 237100
318 235400
319 234000
320 233000
321 235199
322 245899
323 236499
324 236299
325 233701
326 237100
327 234701
328 308800
329 235501
330 236200
331 234400
332 234799
333 234800
334 237000
335 234300
336 232600
337 229200
338 227800
339 231100
340 230400
341 300200
342 257000
343 267500
344 244399
345 229701
346 269400
347 247800
348 228900
349 228499
350 229900
351 228799
352 243401
353 231300
354 229300
355 228400
356 228600
357 339800
358 235100
359 303300
360 236900
361 239500
362 236200
363 237400
364 235900
365 233900
366 235200
367 234900
368 233701
369 234100
370 239000
371 236000
372 310600
373 236601
374 237000
375 235800
376 235100
377 288700
378 235100
379 234999
380 234000
381 235401
382 236800
383 236800
384 236500
385 238800
386 235500
387 234400
388 237401
389 238100
390 306999
391 239200
392 237900
393 237900
394 235200
395 236700
396 235500
397 235000
398 233599
399 233900
400 232800
401 235200
402 234300
403 234300
404 290799
405 405701
406 248100
407 257499
408 241700
409 238500
410 235600
411 234900
412 234399
413 236499
414 235300
415 234100
416 234100
417 233399
418 320400
419 235600
420 235700
421 233201
422 233500
423 262800
424 235800
425 234900
426 233300
427 234800
428 234400
429 234200
430 232800
431 234200
432 234500
433 245400
434 236800
435 235401
436 362599
437 235100
438 235900
439 233701
440 234100
441 233300
442 236000
443 236600
444 234400
445 236600
446 236401
447 233501
448 233499
449 234801
450 238501
451 232700
452 236000
453 238900
454 257801
455 287200
456 236000
457 235501
458 236000
459 235500
460 234299
461 233000
462 234899
463 234400
464 235400
465 296701
466 236700
467 234601
468 258800
469 257900
470 236199
471 236400
472 235600
473 232601
474 233500
475 235300
476 234701
477 234100
478 235601
479 234801
480 234900
481 236300
482 235399
483 234600
484 235700
485 234599
486 247400
487 235699
488 235500
489 235500
490 235000
491 236300
492 235200
493 248101
494 229200
495 228599
496 229300
497 327400
498 328500
499 243800
500 228701
501 260800
502 325800
503 229600
504 231501
505 230799
506 228201
507 228500
508 230299
509 229300
510 228299
511 227900
512 323100
513 242901
514 304401
515 240101
516 235599
517 234700
518 235300
519 234100
520 296200
521 233901
522 245999
523 234500
524 237100
525 235100
526 234800
527 304899
528 235000
529 234500
530 233000
531 234400
532 258900
533 256601
534 233299
535 233100
536 233999
537 232800
538 226600
539 228300
540 299000
541 256100
542 229901
543 362500
544 269299
545 325601
546 232200
547 228901
548 227400
549 228901
550 227800
551 230300
552 227100
553 239500
554 228600
555 228900
556 227301
557 226699
558 316200
559 257701
560 234799
561 232001
562 235200
563 271600
564 242300
565 236100
566 234400
567 245900
568 232100
569 236199
570 234401
571 234300
572 235000
573 233300
574 297600
575 277200
576 299100
577 235399
578 235100
579 234000
580 237100
581 234599
582 247300
583 227500
584 227800
585 229099
586 228300
587 227400
588 228100
589 228099
590 396000
591 279000
592 228400
593 228701
594 228900
595 228299
596 229900
597 228000
598 229300
599 288801
600 227799
601 228000
602 228500
603 228799
604 229101
605 242800
606 234600
607 235599
608 293700
609 282100
610 270600
611 272300
612 266401
613 266700
614 267700
615 266700
616 268000
617 266400
618 266400
619 280700
620 266300
621 268901
622 268699
623 266700
624 264900
625 267300
626 265700
627 265600
628 274501
629 267299
630 269499
631 267500
632 268800
633 267500
634 264700
635 265500
636 266900
637 264401
638 264200
639 266299
640 267600
641 266900
642 266799
643 267101
644 271599
645 265600
646 266500
647 267400
648 267700
649 267301
650 267600
651 267100
652 268900
653 275200
654 267000
655 267600
656 268000
657 266200
658 266300
659 266399
660 267400
661 267799
662 265200
663 265401
664 269800
665 266800
666 271800
667 271800
668 264900
669 264999
670 268901
671 267100
672 265501
673 268200
674 266500
675 266301
676 267500
677 265300
678 265600
679 265700
680 267900
681 268300
682 265100
683 265199
684 259700
685 235700
686 234000
687 236700
688 233699
689 235100
690 236200
691 232899
692 232501
693 233301
694 233200
695 233400
696 232501
697 234700
698 234700
699 233001
700 234500
701 234199
702 234001
703 237399
704 231900
705 234399
706 250799
707 232200
708 233300
709 235000
710 233600
711 235701
712 236599
713 235100
714 232500
715 262000
716 233400
717 248700
718 229600
719 231300
720 254400
721 233601
722 367201
723 304000
724 263600
725 229200
726 242400
727 231301
728 228099
729 230200
730 228099
731 227101
732 230401
733 228500
734 228001
735 228400
736 227500
737 229500
738 229900
739 229999
740 228699
741 244701
742 301299
743 328100
744 365900
745 233801
746 232300
747 234701
748 232900
749 232999
750 234500
751 232300
752 233500
753 235000
754 233200
755 235600
756 237800
757 233000
758 233600
759 235000
760 234000
761 233900
762 233399
763 235100
764 234000
765 234000
766 234100
767 232399
768 233000
769 232000
770 234400
771 233100
772 233300
773 233200
774 232500
775 234800
776 234000
777 232400
778 232600
779 233499
780 232100
781 234200
782 232000
783 232200
784 232600
785 233300
786 234100
787 235299
788 234200
789 234401
790 234801
791 235000
792 234900
793 232300
794 241901
795 234801
796 233900
797 244801
798 235000
799 233300
800 236600
801 233600
802 233100
803 234201
804 233300
805 233200
806 235200
807 233500
808 234100
809 233800
810 233800
811 232000
812 232099
813 234000
814 232501
815 233701
816 234300
817 232100
818 235200
819 235500
820 232899
821 232501
822 234599
823 236901
824 233700
825 232799
826 234901
827 236199
828 234100
829 233400
830 232501
831 232901
832 234701
833 233100
834 233399
835 233300
836 231100
837 232900
838 236300
839 227600
840 227699
841 229601
842 229900
843 228200
844 229000
845 227701
846 229000
847 228501
848 228801
849 226500
850 290400
851 296300
852 252601
853 229000
854 229500
855 229000
856 227201
857 228099
858 228300
859 228900
860 227400
861 227800
862 228000
863 227901
864 228500
865 226901
866 229500
867 229700
868 228599
869 228600
870 229000
871 280399
872 233100
873 247700
874 228400
875 228001
876 228500
877 228400
878 228200
879 229201
880 257201
881 227700
882 227601
883 226899
884 228400
885 227400
886 228000
887 227700
888 227700
889 229999
890 228900
891 227999
892 259300
893 295400
894 272700
895 307200
896 244800
897 228601
898 227300
899 228300
900 247000
901 234400
902 234400
903 233800
904 232799
905 234900
906 233100
907 235201
908 234200
909 234800
910 235400
911 234100
912 236599
913 235200
914 235900
915 234400
916 234801
917 233000
918 234801
919 234199
920 233801
921 234301
922 235199
923 233600
924 233901
925 232900
926 233400
927 233801
928 232299
929 234899
930 232500
931 233100
932 228501
933 227400
934 228900
935 229901
936 350899
937 267900
938 273599
939 228100
940 227500
941 227800
942 258000
943 228400
944 229700
945 227901
946 227601
947 230500
948 228000
949 228400
950 228500
951 228200
952 228200
953 230700
954 228100
955 227100
956 229100
957 290600
958 228500
959 261300
960 226801
961 257500
962 228800
963 229300
964 228800
965 228499
966 227500
967 228601
968 228001
969 228400
970 227900
971 229000
972 230401
973 228201
974 227600
975 230401
976 229501
977 227001
978 227900
979 318900
980 237500
981 244200
982 227999
983 231400
984 227500
985 229099
986 227999
987 229701
988 230000
989 227800
990 227301
991 272900
992 228100
993 228501
994 234800
995 232400
996 233399
997 233801
998 234400
999 233200
1000 234600
