99979
99961
99951
99944
99919
99918
99916
99906
99901
99895
99892
99878
99877
99874
99870
99859
99847
99844
99796
99796
99792
99766
99749
99745
99735
99730
99716
99707
99700
99688
99686
99685
99677
99674
99670
99661
99654
99651
99632
99622
99615
99610
99588
99554
99538
99529
99501
99496
99487
99479
99465
99417
99414
99382
99381
99372
99359
99356
99353
99350
99348
99345
99334
99328
99327
99326
99298
99298
99279
99276
99269
99269
99267
99256
99243
99228
99225
99222
99212
99198
99188
99174
99157
99155
99120
99115
99112
99112
99110
99107
99104
99103
99103
99088
99083
99079
99068
99065
99062
99058
99046
99044
99033
99033
99031
99026
99012
99006
99001
98970
98963
98962
98956
98948
98940
98931
98920
98919
98919
98910
98888
98876
98870
98857
98855
98848
98840
98815
98791
98788
98787
98778
98770
98759
98747
98744
98738
98728
98723
98719
98716
98715
98703
98676
98676
98674
98668
98659
98658
98656
98655
98648
98640
98640
98629
98625
98621
98609
98600
98591
98586
98575
98570
98562
98559
98558
98539
98531
98528
98521
98520
98517
98514
98508
98506
98497
98489
98485
98479
98466
98462
98442
98420
98412
98403
98378
98372
98345
98329
98318
98315
98311
98306
98296
98294
98287
98281
98264
98254
98248
98248
98232
98223
98214
98201
98197
98192
98173
98171
98171
98169
98157
98151
98144
98142
98142
98111
98099
98098
98095
98078
98078
98077
98071
98071
98058
98035
98034
98025
98024
98010
98006
97984
97969
97953
97951
97943
97938
97914
97913
97895
97880
97875
97869
97859
97845
97836
97835
97829
97819
97816
97810
97795
97780
97772
97743
97735
97732
97732
97724
97723
97707
97705
97689
97684
97680
97678
97659
97617
97607
97603
97597
97571
97566
97563
97558
97557
97545
97534
97525
97523
97520
97499
97489
97483
97474
97472
97464
97460
97456
97448
97443
97421
97420
97409
97408
97380
97362
97357
97335
97334
97309
97308
97301
97288
97286
97281
97267
97248
97241
97231
97225
97224
97221
97206
97177
97171
97171
97169
97166
97165
97139
97136
97117
97115
97086
97076
97076
97073
97048
97044
97042
97030
97021
97006
97003
97002
96995
96995
96987
96985
96976
96971
96971
96969
96965
96954
96941
96935
96933
96916
96910
96907
96906
96894
96883
96870
96861
96832
96822
96815
96815
96805
96800
96786
96778
96770
96770
96754
96752
96739
96725
96724
96706
96688
96657
96644
96634
96617
96598
96579
96577
96569
96568
96546
96540
96527
96522
96517
96513
96510
96501
96498
96493
96486
96475
96474
96472
96470
96463
96458
96458
96456
96423
96374
96328
96326
96318
96315
96311
96305
96276
96272
96270
96266
96266
96265
96260
96258
96249
96244
96230
96229
96223
96209
96207
96197
96188
96180
96149
96137
96117
96116
96115
96114
96112
96104
96101
96095
96095
96091
96088
96085
96076
96071
96067
96055
96053
96045
96037
96032
96025
96017
96002
95981
95974
95974
95973
95972
95969
95959
95954
95954
95952
95944
95940
95939
95925
95924
95902
95892
95884
95884
95875
95852
95849
95834
95826
95812
95805
95773
95767
95758
95724
95724
95642
95634
95633
95632
95622
95616
95600
95571
95569
95564
95529
95522
95519
95506
95499
95498
95493
95486
95463
95443
95400
95381
95344
95336
95304
95282
95271
95271
95264
95256
95246
95245
95240
95235
95200
95188
95179
95177
95165
95159
95150
95149
95143
95141
95139
95123
95121
95110
95110
95090
95090
95079
95073
95058
95049
94998
94996
94995
94989
94984
94964
94961
94951
94949
94949
94938
94924
94920
94913
94906
94887
94878
94877
94858
94855
94845
94843
94841
94840
94839
94837
94833
94829
94825
94815
94805
94797
94765
94763
94744
94739
94734
94727
94724
94721
94682
94682
94670
94669
94666
94657
94651
94645
94645
94644
94625
94624
94622
94621
94590
94585
94583
94581
94575
94575
94565
94552
94546
94537
94531
94527
94527
94521
94518
94507
94507
94497
94488
94481
94480
94469
94464
94458
94458
94448
94425
94404
94402
94401
94392
94391
94386
94375
94342
94334
94312
94307
94298
94295
94283
94257
94255
94247
94246
94232
94214
94210
94192
94187
94177
94161
94160
94157
94151
94149
94134
94127
94115
94114
94111
94103
94097
94089
94080
94047
94046
94036
94036
94023
94016
94000
93988
93988
93986
93980
93959
93958
93952
93938
93934
93933
93925
93923
93917
93912
93900
93899
93898
93895
93892
93873
93854
93835
93820
93814
93805
93798
93789
93781
93772
93767
93755
93751
93747
93737
93727
93709
93705
93662
93656
93652
93649
93644
93636
93632
93620
93589
93582
93569
93559
93558
93527
93521
93511
93494
93491
93490
93468
93459
93455
93455
93450
93449
93448
93439
93434
93432
93427
93380
93378
93377
93375
93369
93355
93341
93330
93298
93291
93285
93279
93274
93267
93254
93249
93242
93239
93239
93229
93222
93221
93213
93203
93197
93189
93181
93177
93168
93166
93141
93137
93120
93077
93069
93067
93057
93057
93051
93032
93021
93012
93009
93006
92990
92990
92982
92977
92969
92960
92929
92922
92922
92901
92899
92891
92888
92887
92887
92886
92868
92845
92827
92807
92806
92793
92743
92735
92717
92705
92681
92680
92677
92675
92665
92661
92653
92648
92641
92633
92633
92632
92632
92624
92621
92620
92613
92605
92592
92590
92578
92575
92555
92551
92551
92543
92542
92540
92533
92528
92525
92515
92512
92510
92493
92470
92467
92456
92454
92449
92444
92437
92418
92415
92413
92393
92389
92370
92362
92361
92352
92345
92345
92337
92335
92333
92324
92322
92311
92308
92299
92288
92273
92266
92255
92246
92243
92235
92218
92216
92208
92203
92178
92152
92149
92133
92130
92110
92107
92104
92077
92075
92068
92067
92044
92022
92013
92008
91998
91995
91993
91988
91987
91984
91948
91920
91917
91907
91906
91868
91864
91853
91851
91826
91816
91801
91801
91801
91799
91769
91757
91748
91746
91745
91745
91745
91725
91719
91714
91710
91707
91705
91686
91677
91676
91669
91667
91661
91661
91639
91634
91619
91615
91609
91600
91589
91582
91576
91567
91565
91563
91559
91546
91542
91527
91519
91507
91502
91491
91491
91482
91479
91469
91453
91443
91418
91413
91379
91378
91358
91335
91333
91331
91318
91317
91315
91298
91284
91280
91274
91255
91238
91209
91187
91174
91172
91151
91145
91141
91131
91128
91100
91100
91096
91061
91061
91047
91038
91023
91017
91013
91005
90998
90994
90994
90985
90970
90968
90951
90949
90934
90928
90917
90906
90899
90885
90883
90861
90858
90832
90823
90811
90810
90799
90772
90771
90768
90757
90729
90721
90720
90710
90697
90696
90696
90693
90688
90675
90665
90651
90650
90649
90649
90644
90637
90632
90617
90608
90605
90584
90583
90569
90567
90564
90558
90534
90530
90501
90482
90471
90459
90457
90449
90449
90423
90420
90415
90415
90404
90395
90382
90378
90372
90364
90347
90346
90340
90331
90327
90319
90312
90303
90291
90291
90275
90264
90261
90258
90255
90250
90246
90242
90239
90231
90227
90223
90206
90201
90199
90195
90193
90186
90182
90175
90170
90164
90157
90138
90134
90134
90128
90097
90092
90089
90072
90064
90046
90044
90031
90029
90006
90002
89996
89988
89966
89939
89925
89918
89916
89908
89896
89890
89872
89866
89864
89861
89851
89850
89844
89838
89829
89821
89805
89802
89784
89773
89766
89760
89751
89751
89739
89732
89725
89708
89705
89699
89687
89686
89682
89680
89668
89659
89655
89654
89649
89643
89637
89635
89627
89581
89579
89576
89563
89525
89522
89515
89507
89501
89493
89489
89484
89484
89481
89444
89440
89439
89432
89428
89411
89405
89402
89393
89363
89354
89349
89346
89332
89331
89326
89323
89322
89318
89315
89313
89304
89291
89288
89282
89260
89231
89223
89222
89197
89187
89173
89150
89147
89146
89139
89137
89136
89130
89128
89126
89123
89120
89119
89117
89112
89103
89099
89095
89089
89088
89087
89075
89065
89064
89017
89014
88993
88985
88963
88962
88945
88937
88937
88937
88931
88915
88909
88904
88900
88897
88839
88832
88809
88790
88774
88752
88746
88745
88744
88741
88740
88710
88701
88696
88694
88689
88675
88663
88662
88660
88660
88652
88642
88639
88636
88625
88607
88591
88590
88576
88566
88563
88547
88516
88499
88490
88487
88480
88479
88478
88471
88470
88466
88466
88458
88453
88452
88450
88450
88438
88436
88433
88427
88425
88393
88392
88379
88379
88377
88372
88360
88340
88340
88339
88337
88335
88286
88278
88275
88274
88264
88260
88251
88242
88225
88221
88213
88212
88207
88206
88202
88192
88189
88156
88150
88149
88148
88147
88133
88133
88118
88115
88107
88093
88093
88090
88080
88070
88064
88059
88050
88039
88007
87999
87967
87966
87958
87948
87946
87943
87941
87940
87940
87924
87902
87902
87880
87879
87868
87866
87852
87844
87829
87824
87823
87808
87790
87789
87786
87780
87760
87750
87743
87737
87736
87730
87726
87718
87714
87685
87684
87677
87660
87642
87630
87628
87626
87626
87617
87593
87587
87580
87568
87568
87560
87560
87540
87517
87510
87508
87507
87506
87497
87487
87474
87471
87470
87461
87458
87454
87438
87436
87434
87420
87407
87403
87396
87384
87371
87355
87352
87344
87341
87336
87335
87329
87318
87298
87292
87286
87275
87244
87240
87235
87222
87215
87213
87182
87177
87167
87132
87114
87111
87110
87108
87066
87045
87031
87030
87028
87015
87010
87007
87004
87002
86987
86980
86979
86977
86968
86966
86962
86926
86922
86918
86903
86896
86851
86828
86827
86825
86818
86818
86799
86787
86785
86785
86769
86766
86733
86726
86719
86715
86713
86691
86684
86669
86669
86665
86662
86658
86652
86631
86631
86630
86628
86620
86615
86615
86614
86605
86604
86598
86588
86585
86573
86573
86572
86565
86561
86547
86528
86518
86514
86508
86491
86490
86483
86474
86473
86472
86469
86464
86452
86450
86450
86444
86439
86429
86418
86417
86406
86406
86385
86382
86380
86379
86360
86357
86357
86325
86290
86285
86284
86280
86266
86251
86250
86231
86227
86226
86225
86217
86159
86157
86145
86127
86118
86117
86112
86079
86074
86072
86055
86052
86052
86043
86040
86040
86005
85993
85973
85965
85965
85955
85940
85935
85921
85911
85906
85902
85892
85890
85880
85870
85862
85854
85818
85815
85805
85800
85794
85793
85790
85779
85765
85758
85756
85754
85751
85738
85715
85705
85702
85688
85685
85683
85677
85672
85667
85667
85654
85647
85636
85630
85630
85626
85625
85620
85616
85602
85594
85588
85582
85581
85577
85574
85553
85551
85541
85538
85502
85487
85477
85471
85470
85469
85459
85453
85448
85428
85423
85423
85392
85377
85376
85368
85360
85354
85346
85344
85326
85302
85300
85295
85276
85256
85247
85245
85242
85233
85216
85207
85204
85198
85191
85190
85190
85182
85167
85165
85154
85142
85121
85117
85114
85111
85107
85103
85097
85086
85083
85047
85020
85006
84997
84977
84955
84950
84950
84944
84944
84939
84937
84918
84917
84914
84912
84911
84898
84868
84864
84860
84852
84832
84820
84809
84809
84809
84798
84794
84793
84789
84771
84748
84745
84744
84729
84721
84703
84690
84686
84663
84660
84656
84628
84620
84619
84612
84608
84598
84534
84522
84520
84519
84515
84515
84476
84474
84462
84456
84434
84426
84418
84412
84411
84405
84391
84385
84368
84359
84353
84344
84343
84342
84337
84335
84334
84323
84310
84307
84305
84296
84252
84245
84240
84239
84224
84215
84197
84197
84195
84179
84164
84153
84147
84143
84114
84101
84087
84084
84065
84060
84053
84052
84031
84030
84028
84020
84016
84003
83968
83959
83958
83955
83946
83939
83935
83933
83897
83889
83883
83874
83870
83867
83865
83864
83861
83842
83829
83810
83808
83799
83798
83754
83735
83733
83728
83718
83717
83713
83685
83681
83666
83665
83664
83643
83636
83635
83626
83615
83592
83574
83562
83552
83545
83539
83532
83520
83511
83487
83483
83480
83477
83476
83462
83461
83445
83431
83424
83418
83412
83407
83397
83387
83376
83364
83358
83355
83353
83333
83330
83307
83250
83244
83244
83215
83211
83207
83204
83182
83181
83174
83171
83153
83153
83152
83146
83141
83136
83113
83106
83101
83092
83090
83085
83070
83064
83063
83063
83062
83061
83057
83054
83040
83019
83016
83004
82986
82981
82971
82966
82964
82962
82941
82920
82917
82916
82903
82901
82900
82876
82869
82866
82858
82848
82843
82838
82826
82816
82803
82797
82794
82783
82783
82767
82759
82749
82727
82718
82714
82711
82708
82695
82684
82680
82678
82676
82671
82670
82669
82656
82653
82650
82636
82634
82625
82622
82610
82606
82594
82526
82523
82512
82501
82496
82495
82482
82481
82478
82472
82463
82462
82461
82461
82459
82408
82408
82401
82395
82394
82384
82381
82379
82378
82360
82353
82348
82346
82338
82329
82311
82303
82301
82299
82291
82261
82248
82246
82223
82219
82209
82195
82172
82165
82150
82148
82142
82138
82136
82134
82112
82111
82110
82101
82094
82091
82085
82082
82056
82056
82040
82032
82026
82013
81998
81988
81985
81926
81908
81905
81895
81892
81889
81884
81876
81875
81875
81868
81862
81862
81856
81856
81821
81815
81811
81810
81796
81789
81783
81783
81780
81778
81763
81759
81758
81743
81735
81734
81719
81712
81712
81705
81694
81671
81669
81666
81663
81662
81650
81637
81633
81630
81629
81626
81625
81619
81617
81611
81610
81587
81584
81574
81570
81561
81549
81546
81534
81531
81526
81525
81518
81507
81507
81502
81496
81489
81475
81465
81463
81457
81445
81444
81439
81436
81431
81428
81406
81395
81388
81375
81367
81361
81349
81331
81324
81301
81301
81268
81266
81262
81228
81223
81217
81217
81214
81186
81153
81150
81146
81140
81135
81131
81128
81124
81118
81102
81088
81088
81086
81081
81079
81070
81067
81065
81034
80984
80983
80980
80964
80956
80947
80936
80933
80925
80917
80908
80889
80888
80885
80868
80867
80866
80866
80863
80858
80858
80856
80851
80850
80840
80822
80808
80805
80795
80789
80786
80776
80774
80759
80757
80753
80752
80715
80713
80705
80705
80699
80695
80694
80685
80679
80676
80675
80671
80671
80666
80664
80658
80658
80656
80655
80654
80653
80647
80645
80620
80617
80615
80600
80597
80596
80592
80581
80575
80564
80555
80549
80545
80525
80513
80512
80511
80505
80495
80479
80466
80454
80454
80451
80450
80448
80444
80439
80434
80421
80391
80388
80383
80368
80365
80357
80346
80342
80331
80330
80329
80321
80315
80302
80302
80300
80291
80287
80285
80284
80282
80280
80263
80261
80244
80230
80228
80223
80209
80207
80180
80168
80164
80161
80150
80146
80140
80140
80137
80132
80123
80122
80109
80090
80086
80063
80045
80032
80024
80020
80006
80001
79998
79978
79978
79959
79958
79956
79952
79948
79937
79933
79930
79921
79920
79905
79898
79898
79891
79874
79874
79862
79856
79846
79841
79828
79806
79789
79777
79763
79758
79757
79740
79735
79729
79718
79717
79707
79698
79690
79690
79675
79648
79619
79608
79607
79604
79589
79588
79574
79571
79568
79563
79522
79496
79491
79484
79482
79473
79448
79443
79436
79435
79431
79423
79414
79411
79403
79399
79386
79368
79362
79343
79330
79325
79324
79319
79315
79312
79311
79282
79262
79252
79250
79239
79238
79232
79226
79222
79216
79213
79204
79179
79177
79172
79155
79155
79124
79123
79118
79084
79039
79036
79036
79035
79033
79025
79020
79012
79006
79002
78994
78958
78950
78944
78944
78943
78928
78912
78906
78893
78881
78877
78869
78868
78866
78859
78849
78817
78786
78783
78775
78773
78767
78748
78741
78725
78721
78715
78714
78710
78701
78693
78682
78678
78673
78653
78638
78627
78620
78620
78608
78594
78588
78583
78579
78575
78570
78564
78558
78556
78554
78546
78528
78528
78527
78519
78514
78504
78504
78499
78481
78478
78472
78469
78460
78443
78440
78440
78439
78434
78417
78396
78395
78389
78385
78384
78372
78331
78329
78321
78298
78296
78280
78264
78249
78226
78221
78210
78206
78206
78202
78195
78194
78188
78181
78176
78168
78163
78139
78111
78110
78096
78079
78078
78073
78054
78047
78044
78042
78029
78027
78011
77978
77967
77946
77946
77911
77888
77880
77872
77864
77857
77847
77799
77790
77790
77783
77778
77765
77757
77755
77752
77738
77738
77734
77709
77706
77699
77686
77673
77673
77641
77623
77620
77618
77613
77612
77607
77602
77597
77597
77592
77587
77584
77580
77580
77576
77568
77545
77545
77526
77512
77510
77497
77478
77478
77478
77469
77445
77444
77438
77432
77431
77424
77412
77411
77372
77367
77358
77347
77345
77333
77316
77300
77297
77293
77288
77278
77253
77246
77244
77239
77237
77237
77234
77234
77231
77211
77211
77206
77193
77170
77168
77163
77134
77134
77132
77131
77126
77117
77113
77024
77009
76991
76982
76981
76974
76970
76957
76904
76901
76895
76891
76882
76881
76879
76864
76854
76852
76846
76829
76809
76807
76803
76793
76792
76783
76768
76758
76748
76745
76744
76742
76736
76726
76724
76722
76722
76718
76715
76678
76665
76653
76644
76639
76624
76601
76601
76600
76588
76534
76521
76518
76500
76492
76487
76486
76485
76482
76477
76472
76470
76465
76462
76452
76441
76433
76431
76412
76392
76379
76369
76368
76367
76366
76356
76304
76294
76288
76280
76277
76250
76240
76236
76235
76234
76208
76202
76193
76182
76164
76154
76139
76138
76133
76128
76119
76103
76086
76083
76068
76067
76066
76055
76043
76036
76031
76011
76008
76007
76000
75999
75995
75995
75991
75953
75951
75951
75944
75938
75931
75907
75906
75905
75899
75897
75895
75889
75883
75877
75875
75868
75857
75851
75846
75836
75818
75816
75802
75797
75788
75775
75772
75762
75746
75740
75731
75728
75723
75718
75714
75690
75690
75689
75672
75671
75668
75664
75652
75647
75614
75610
75598
75594
75594
75587
75584
75542
75539
75533
75522
75516
75515
75501
75496
75492
75486
75474
75470
75459
75442
75432
75412
75408
75403
75395
75394
75381
75356
75349
75336
75333
75330
75323
75275
75269
75249
75245
75227
75221
75207
75199
75173
75166
75165
75161
75156
75147
75140
75137
75135
75121
75108
75099
75076
75074
75070
75069
75053
75049
75046
75037
75020
75002
74993
74992
74988
74982
74973
74949
74946
74944
74934
74929
74926
74915
74897
74892
74885
74877
74846
74843
74836
74829
74822
74820
74812
74802
74797
74765
74745
74740
74737
74703
74702
74699
74680
74679
74667
74644
74643
74632
74620
74612
74602
74600
74584
74581
74581
74581
74568
74561
74552
74535
74535
74511
74502
74492
74487
74483
74476
74463
74463
74462
74445
74437
74435
74429
74422
74421
74388
74386
74372
74372
74346
74342
74341
74329
74326
74323
74319
74306
74303
74302
74289
74273
74268
74268
74258
74248
74241
74239
74215
74213
74206
74204
74144
74144
74142
74140
74134
74124
74114
74109
74100
74099
74097
74096
74083
74076
74067
74067
74065
74038
74030
74024
74018
74002
73982
73978
73978
73970
73970
73964
73963
73961
73960
73957
73916
73912
73899
73889
73886
73874
73855
73843
73825
73808
73795
73762
73748
73746
73743
73737
73715
73710
73710
73706
73703
73700
73698
73684
73682
73681
73665
73653
73646
73639
73638
73630
73618
73613
73601
73588
73583
73579
73576
73564
73543
73536
73530
73512
73505
73497
73484
73458
73455
73454
73449
73426
73423
73421
73420
73416
73396
73385
73381
73378
73372
73368
73358
73355
73349
73325
73323
73318
73316
73296
73287
73283
73274
73264
73260
73246
73244
73235
73231
73224
73199
73185
73151
73144
73139
73119
73106
73105
73091
73074
73058
73047
73036
73031
73028
73023
73004
72993
72989
72987
72978
72952
72948
72946
72917
72906
72901
72896
72896
72895
72889
72879
72871
72870
72869
72866
72862
72861
72854
72814
72812
72807
72801
72800
72796
72778
72770
72761
72752
72742
72728
72723
72720
72704
72701
72697
72687
72684
72675
72655
72653
72652
72644
72637
72619
72593
72585
72579
72577
72555
72552
72548
72548
72543
72543
72542
72538
72536
72535
72534
72533
72521
72520
72509
72499
72485
72481
72455
72443
72432
72429
72419
72397
72386
72379
72379
72370
72366
72337
72332
72324
72324
72318
72314
72312
72303
72301
72298
72248
72226
72217
72216
72207
72201
72190
72183
72180
72176
72176
72161
72149
72147
72121
72110
72100
72080
72072
72070
72063
72053
72051
72041
72040
72021
72014
72010
72009
71997
71996
71989
71988
71977
71960
71955
71947
71945
71939
71938
71932
71915
71908
71901
71900
71894
71885
71863
71857
71854
71840
71829
71794
71789
71788
71768
71758
71756
71739
71695
71693
71690
71685
71684
71676
71672
71668
71665
71664
71655
71650
71625
71617
71616
71602
71598
71594
71590
71556
71551
71544
71543
71540
71537
71533
71524
71523
71517
71515
71502
71495
71488
71487
71482
71468
71458
71449
71446
71445
71444
71434
71430
71426
71419
71387
71382
71366
71353
71353
71344
71339
71336
71333
71323
71322
71321
71293
71289
71272
71271
71271
71254
71228
71220
71220
71219
71213
71195
71188
71176
71165
71161
71136
71121
71119
71118
71117
71113
71103
71102
71098
71091
71089
71087
71084
71080
71070
71069
71053
71042
71036
71031
71026
71004
71004
71004
71000
70988
70988
70987
70974
70967
70962
70950
70935
70912
70909
70908
70895
70886
70881
70880
70879
70879
70856
70852
70851
70846
70846
70846
70843
70801
70800
70760
70742
70740
70725
70721
70714
70702
70696
70689
70686
70684
70680
70676
70651
70651
70635
70630
70625
70625
70621
70593
70592
70586
70580
70578
70577
70569
70548
70537
70528
70516
70500
70494
70492
70474
70472
70471
70468
70463
70452
70450
70448
70443
70436
70430
70400
70394
70375
70367
70363
70345
70317
70300
70291
70289
70275
70269
70261
70254
70234
70219
70219
70193
70169
70166
70159
70148
70147
70146
70126
70121
70119
70109
70105
70082
70069
70069
70043
70037
70032
70014
70010
70001
70000
69986
69983
69980
69959
69948
69943
69943
69933
69930
69930
69925
69924
69916
69904
69889
69885
69885
69869
69847
69846
69843
69840
69825
69824
69819
69819
69818
69818
69808
69804
69793
69786
69774
69773
69773
69769
69741
69738
69727
69726
69707
69704
69694
69688
69676
69676
69671
69670
69662
69654
69652
69641
69621
69619
69618
69612
69609
69606
69604
69600
69594
69591
69583
69565
69563
69550
69547
69542
69531
69526
69518
69517
69512
69508
69494
69487
69476
69470
69466
69458
69456
69454
69452
69436
69435
69429
69422
69392
69357
69351
69351
69340
69325
69304
69288
69276
69273
69273
69270
69269
69257
69255
69252
69240
69207
69197
69187
69184
69183
69179
69169
69167
69157
69156
69156
69151
69145
69129
69108
69088
69082
69051
69042
69032
69017
69007
68995
68984
68983
68962
68962
68957
68941
68937
68925
68920
68908
68890
68866
68836
68827
68825
68803
68797
68790
68788
68779
68776
68774
68757
68754
68752
68738
68716
68714
68703
68667
68659
68633
68613
68602
68600
68584
68568
68568
68547
68536
68518
68517
68497
68489
68453
68444
68439
68421
68420
68405
68387
68382
68382
68359
68348
68343
68323
68319
68315
68313
68311
68310
68299
68275
68264
68262
68258
68228
68214
68212
68204
68204
68194
68192
68181
68175
68165
68149
68140
68138
68129
68129
68109
68081
68071
68071
68066
68064
68054
68044
68042
68025
68013
68009
67999
67999
67990
67982
67965
67955
67942
67905
67900
67888
67882
67875
67872
67857
67855
67849
67845
67835
67823
67813
67801
67784
67776
67766
67751
67744
67736
67728
67727
67724
67719
67713
67708
67702
67692
67692
67687
67662
67655
67649
67648
67640
67639
67637
67632
67632
67628
67622
67622
67614
67601
67585
67573
67566
67564
67555
67555
67547
67531
67517
67515
67507
67499
67476
67474
67468
67465
67457
67443
67440
67401
67401
67388
67386
67386
67358
67348
67330
67317
67304
67303
67301
67295
67284
67280
67233
67232
67221
67208
67175
67166
67145
67144
67139
67135
67120
67101
67093
67086
67084
67069
67068
67060
67056
67047
67044
67043
67039
67030
67005
66994
66994
66994
66991
66988
66980
66978
66966
66963
66951
66943
66939
66934
66909
66884
66878
66871
66866
66859
66848
66821
66820
66816
66811
66810
66798
66771
66761
66761
66756
66754
66739
66720
66719
66714
66710
66700
66696
66695
66684
66678
66665
66663
66646
66645
66642
66640
66639
66632
66600
66600
66588
66587
66586
66581
66577
66564
66559
66554
66551
66529
66529
66518
66514
66512
66510
66493
66492
66482
66481
66478
66471
66460
66457
66444
66419
66418
66410
66408
66403
66391
66377
66373
66352
66325
66316
66305
66293
66278
66277
66276
66232
66218
66208
66193
66171
66171
66169
66168
66154
66148
66146
66146
66145
66131
66129
66105
66084
66075
66075
66063
66060
66039
66036
66034
66030
66018
66013
65999
65998
65989
65988
65984
65982
65977
65976
65975
65966
65962
65961
65956
65953
65947
65942
65941
65935
65933
65927
65902
65883
65877
65868
65858
65827
65822
65802
65802
65801
65799
65785
65779
65742
65735
65733
65732
65715
65708
65697
65696
65695
65693
65653
65650
65647
65638
65637
65632
65622
65593
65588
65582
65580
65572
65568
65560
65541
65539
65526
65505
65497
65490
65485
65483
65461
65441
65431
65422
65420
65412
65399
65393
65383
65381
65380
65368
65354
65351
65349
65347
65335
65319
65312
65310
65300
65292
65290
65284
65269
65269
65238
65236
65235
65234
65217
65216
65213
65212
65211
65205
65204
65204
65188
65173
65165
65164
65158
65139
65134
65115
65110
65106
65099
65079
65063
65058
65058
65044
65041
65031
65025
65018
65016
65009
64999
64998
64991
64990
64987
64985
64956
64929
64924
64910
64908
64907
64905
64890
64889
64886
64871
64848
64846
64839
64836
64816
64811
64811
64792
64791
64788
64753
64753
64727
64720
64712
64712
64711
64708
64705
64665
64639
64638
64578
64573
64566
64559
64549
64549
64538
64535
64510
64509
64506
64499
64481
64479
64457
64447
64435
64418
64414
64407
64392
64388
64386
64385
64373
64370
64364
64359
64352
64342
64339
64327
64326
64300
64280
64261
64261
64249
64246
64231
64223
64203
64173
64169
64167
64151
64148
64148
64142
64133
64124
64107
64104
64087
64076
64074
64060
64059
64050
64048
64044
64030
64023
64023
64022
64000
64000
63997
63984
63972
63968
63959
63957
63950
63935
63928
63913
63882
63877
63876
63858
63857
63837
63829
63824
63816
63760
63750
63742
63741
63690
63689
63685
63678
63659
63654
63651
63651
63612
63598
63596
63589
63583
63580
63574
63571
63564
63546
63544
63541
63536
63536
63535
63526
63525
63519
63513
63496
63493
63486
63485
63474
63473
63442
63436
63426
63426
63404
63404
63402
63396
63378
63370
63364
63343
63343
63342
63341
63338
63336
63325
63319
63316
63311
63307
63297
63292
63278
63272
63257
63253
63250
63220
63180
63174
63173
63169
63128
63097
63085
63084
63078
63075
63062
63059
63054
63049
63019
63019
63013
63009
62990
62976
62973
62958
62951
62938
62933
62927
62923
62919
62911
62909
62906
62901
62899
62898
62897
62889
62887
62885
62859
62855
62844
62837
62834
62833
62790
62769
62764
62731
62729
62711
62701
62693
62692
62665
62656
62655
62637
62593
62588
62566
62561
62556
62549
62541
62534
62532
62532
62484
62483
62468
62450
62438
62435
62408
62403
62387
62378
62374
62349
62340
62322
62311
62295
62294
62291
62283
62282
62261
62261
62258
62237
62235
62206
62189
62183
62183
62168
62163
62153
62151
62151
62129
62125
62117
62110
62105
62090
62086
62068
62065
62056
62023
62023
62014
62013
62009
61995
61983
61982
61969
61963
61943
61900
61880
61861
61857
61852
61852
61844
61834
61820
61818
61794
61789
61786
61785
61779
61769
61759
61751
61751
61746
61739
61730
61729
61727
61720
61718
61715
61713
61710
61709
61707
61698
61680
61667
61659
61658
61656
61639
61638
61628
61625
61611
61597
61592
61572
61569
61557
61555
61539
61536
61534
61516
61515
61509
61485
61482
61477
61471
61452
61429
61397
61396
61390
61381
61367
61364
61347
61341
61334
61329
61315
61311
61307
61290
61283
61281
61279
61279
61271
61257
61249
61248
61241
61227
61221
61219
61217
61215
61214
61214
61204
61184
61147
61146
61139
61136
61108
61107
61089
61088
61084
61083
61065
61062
61054
61050
61024
61023
61013
60984
60952
60951
60945
60943
60942
60937
60933
60927
60918
60895
60884
60868
60864
60857
60848
60846
60837
60837
60819
60784
60779
60777
60774
60763
60746
60731
60715
60691
60669
60669
60661
60654
60629
60628
60623
60619
60618
60601
60593
60591
60566
60565
60548
60547
60538
60536
60535
60513
60507
60502
60484
60484
60459
60444
60440
60432
60432
60432
60417
60410
60394
60388
60382
60365
60360
60359
60357
60355
60353
60344
60341
60333
60323
60321
60319
60318
60315
60313
60312
60310
60307
60302
60264
60258
60249
60240
60233
60214
60204
60185
60176
60164
60118
60116
60108
60102
60097
60091
60090
60087
60079
60077
60071
60071
60066
60066
60040
60035
60029
60026
60024
60017
59997
59965
59961
59959
59944
59897
59894
59883
59877
59855
59817
59808
59799
59798
59795
59787
59785
59781
59773
59770
59762
59759
59754
59754
59752
59746
59746
59743
59739
59737
59713
59707
59692
59675
59638
59608
59607
59605
59600
59585
59575
59569
59564
59563
59543
59540
59539
59536
59527
59522
59514
59514
59492
59483
59482
59478
59477
59460
59458
59457
59448
59445
59443
59436
59412
59408
59406
59367
59342
59341
59324
59317
59309
59307
59297
59295
59291
59282
59282
59257
59255
59245
59221
59211
59210
59195
59182
59154
59153
59141
59109
59107
59102
59099
59097
59094
59092
59068
59052
59046
59024
59010
59001
58975
58971
58971
58954
58944
58916
58892
58877
58859
58851
58851
58846
58826
58823
58822
58815
58789
58774
58752
58750
58738
58735
58720
58720
58708
58701
58687
58686
58677
58672
58671
58666
58664
58664
58646
58642
58637
58623
58622
58621
58618
58615
58611
58605
58599
58570
58568
58559
58558
58558
58556
58547
58543
58536
58520
58519
58516
58476
58471
58469
58462
58425
58397
58390
58364
58363
58356
58348
58345
58341
58340
58318
58306
58299
58283
58268
58266
58262
58259
58255
58241
58240
58194
58194
58188
58175
58173
58170
58164
58160
58158
58131
58126
58122
58115
58114
58105
58086
58084
58083
58082
58070
58069
58040
58027
58024
58002
58000
57996
57994
57987
57982
57967
57955
57950
57938
57928
57926
57913
57907
57903
57895
57894
57892
57890
57889
57889
57888
57887
57868
57866
57864
57852
57840
57832
57831
57817
57815
57801
57780
57769
57753
57739
57736
57709
57694
57669
57650
57649
57645
57644
57630
57570
57557
57544
57539
57530
57518
57514
57489
57487
57486
57465
57455
57453
57451
57449
57444
57425
57423
57416
57414
57410
57408
57401
57397
57392
57382
57380
57375
57371
57358
57349
57341
57340
57316
57300
57297
57281
57277
57268
57260
57254
57246
57244
57242
57242
57238
57231
57225
57219
57217
57198
57173
57157
57147
57131
57101
57094
57090
57083
57069
57064
57046
57040
57038
57035
57028
57021
57020
57015
57015
56994
56982
56970
56952
56952
56935
56921
56919
56918
56895
56891
56882
56853
56849
56840
56834
56833
56832
56831
56829
56808
56801
56798
56786
56766
56759
56756
56755
56734
56726
56725
56716
56697
56687
56685
56684
56683
56665
56648
56648
56629
56607
56605
56601
56593
56540
56536
56493
56492
56486
56477
56474
56462
56454
56440
56433
56395
56389
56359
56355
56333
56324
56308
56301
56293
56291
56289
56286
56280
56266
56263
56256
56234
56228
56226
56225
56224
56220
56216
56202
56163
56156
56152
56120
56114
56087
56085
56083
56081
56081
56069
56068
56063
56048
56042
56039
56036
56035
56031
56024
55989
55966
55965
55954
55936
55931
55919
55900
55898
55884
55882
55867
55866
55863
55861
55859
55856
55849
55836
55827
55827
55818
55812
55809
55793
55789
55781
55780
55777
55776
55773
55741
55740
55734
55732
55721
55708
55704
55689
55656
55648
55639
55622
55607
55597
55596
55584
55573
55570
55560
55517
55510
55500
55475
55469
55465
55464
55458
55456
55444
55442
55416
55379
55378
55372
55348
55346
55339
55333
55329
55328
55308
55279
55270
55238
55215
55212
55210
55206
55187
55158
55124
55116
55114
55095
55093
55091
55087
55085
55085
55082
55079
55077
55074
55070
55061
55056
55032
55021
55018
55015
55007
54979
54977
54963
54963
54950
54950
54939
54916
54899
54896
54895
54884
54884
54876
54876
54867
54861
54841
54831
54827
54825
54821
54818
54804
54778
54769
54755
54743
54738
54735
54721
54721
54717
54717
54706
54704
54702
54692
54680
54677
54662
54661
54651
54650
54639
54632
54622
54614
54602
54595
54588
54554
54553
54546
54537
54534
54518
54501
54496
54488
54485
54483
54471
54466
54459
54438
54422
54386
54382
54377
54345
54331
54323
54319
54317
54316
54296
54295
54293
54285
54282
54280
54259
54251
54247
54205
54162
54161
54159
54148
54137
54127
54111
54100
54075
54073
54072
54063
54062
54034
53980
53964
53950
53947
53942
53941
53920
53901
53885
53878
53859
53852
53847
53844
53842
53837
53834
53823
53820
53788
53785
53780
53777
53766
53757
53728
53710
53678
53654
53651
53649
53630
53628
53625
53624
53611
53585
53584
53574
53573
53555
53550
53549
53536
53526
53510
53494
53471
53467
53461
53442
53420
53415
53406
53402
53399
53398
53390
53378
53372
53369
53365
53335
53335
53335
53327
53322
53319
53316
53312
53305
53299
53286
53286
53277
53255
53249
53243
53235
53227
53220
53217
53180
53179
53174
53174
53171
53140
53132
53128
53116
53109
53095
53094
53086
53073
53072
53068
53057
53049
53034
53031
53024
53015
53002
52999
52963
52960
52943
52915
52912
52907
52891
52889
52885
52874
52849
52832
52822
52820
52812
52811
52786
52761
52754
52743
52714
52706
52706
52704
52700
52694
52683
52661
52619
52590
52587
52580
52572
52570
52561
52548
52520
52496
52440
52440
52433
52427
52420
52418
52412
52396
52378
52373
52373
52361
52358
52358
52356
52355
52349
52331
52325
52324
52323
52314
52308
52300
52299
52270
52256
52256
52237
52215
52213
52201
52197
52189
52186
52165
52158
52151
52146
52130
52128
52109
52103
52099
52093
52092
52090
52082
52069
52051
52044
52042
52041
52016
52016
52015
52004
52002
51986
51976
51974
51967
51967
51958
51957
51951
51950
51948
51945
51937
51903
51885
51872
51862
51835
51821
51818
51817
51800
51799
51797
51793
51789
51771
51760
51745
51735
51728
51727
51723
51721
51716
51711
51696
51687
51687
51686
51669
51649
51644
51609
51596
51586
51585
51582
51561
51561
51548
51533
51530
51530
51528
51473
51465
51448
51444
51441
51439
51438
51411
51397
51397
51394
51386
51385
51373
51369
51366
51347
51343
51343
51342
51330
51319
51295
51292
51278
51266
51256
51246
51243
51242
51221
51213
51211
51200
51194
51185
51185
51170
51144
51142
51128
51102
51098
51088
51080
51076
51065
51063
51055
51052
51044
51015
51014
51013
51007
51003
51003
50992
50991
50990
50988
50978
50971
50943
50937
50931
50922
50912
50908
50905
50904
50897
50896
50889
50881
50869
50864
50854
50851
50850
50842
50839
50834
50827
50795
50773
50772
50770
50768
50734
50731
50730
50727
50722
50720
50707
50701
50689
50669
50666
50662
50652
50635
50634
50632
50628
50627
50624
50620
50616
50592
50592
50572
50572
50569
50557
50544
50514
50513
50506
50505
50497
50494
50488
50484
50477
50458
50454
50451
50443
50433
50429
50422
50416
50411
50393
50384
50380
50361
50350
50347
50341
50341
50333
50322
50320
50307
50304
50303
50298
50292
50282
50269
50253
50242
50225
50223
50210
50205
50205
50202
50197
50193
50164
50159
50157
50156
50144
50140
50125
50123
50120
50108
50104
50102
50077
50072
50060
50053
50052
50039
50037
50034
50032
50017
50009
49989
49967
49928
49921
49914
49908
49904
49881
49872
49863
49856
49840
49837
49834
49813
49802
49792
49777
49772
49758
49744
49742
49742
49734
49719
49697
49685
49679
49679
49674
49659
49632
49622
49619
49617
49616
49530
49527
49519
49517
49514
49513
49507
49496
49490
49490
49470
49470
49454
49454
49449
49438
49437
49430
49404
49403
49397
49382
49369
49366
49359
49336
49331
49327
49320
49316
49310
49296
49283
49282
49277
49261
49258
49250
49246
49240
49239
49237
49235
49230
49226
49221
49219
49211
49210
49205
49196
49188
49172
49158
49151
49124
49118
49115
49091
49071
49069
49068
49062
49060
49044
49032
49019
49010
49008
48974
48961
48944
48941
48934
48921
48918
48917
48908
48905
48888
48877
48869
48862
48854
48845
48838
48838
48828
48813
48792
48779
48746
48741
48737
48736
48732
48722
48717
48709
48679
48669
48662
48652
48651
48644
48616
48606
48593
48592
48591
48589
48564
48554
48552
48550
48549
48531
48524
48513
48509
48498
48495
48488
48488
48479
48424
48424
48417
48397
48397
48392
48385
48373
48344
48338
48335
48327
48320
48315
48314
48304
48287
48286
48281
48249
48245
48231
48221
48217
48214
48200
48195
48192
48190
48190
48184
48168
48166
48160
48141
48138
48132
48111
48080
48071
48070
48066
48065
48057
48055
48051
48046
48030
48011
48007
48004
47999
47988
47987
47982
47960
47895
47888
47883
47880
47880
47873
47868
47854
47849
47838
47830
47825
47823
47820
47810
47803
47793
47792
47789
47788
47760
47716
47708
47707
47696
47690
47669
47651
47635
47631
47627
47627
47621
47614
47599
47586
47573
47561
47541
47540
47527
47521
47521
47520
47509
47509
47505
47496
47478
47478
47453
47452
47449
47442
47426
47406
47401
47389
47384
47380
47380
47343
47342
47328
47303
47272
47256
47252
47248
47245
47244
47240
47240
47240
47237
47234
47231
47215
47197
47183
47175
47149
47145
47119
47116
47091
47088
47079
47072
47065
47050
47047
47046
47042
47028
47022
46985
46983
46983
46981
46960
46960
46957
46941
46930
46919
46915
46910
46910
46909
46899
46895
46890
46884
46878
46877
46842
46837
46796
46784
46781
46780
46764
46757
46735
46713
46711
46707
46700
46683
46682
46681
46675
46672
46644
46639
46633
46625
46613
46600
46590
46586
46580
46564
46554
46533
46533
46527
46522
46484
46479
46477
46463
46451
46444
46421
46417
46415
46402
46397
46396
46391
46384
46378
46349
46344
46340
46330
46303
46284
46245
46244
46226
46220
46217
46201
46183
46163
46160
46159
46158
46150
46143
46132
46116
46112
46107
46103
46069
46065
46047
46030
46030
46002
45985
45973
45952
45948
45940
45929
45896
45889
45882
45881
45879
45879
45876
45872
45871
45863
45842
45838
45831
45825
45809
45800
45799
45792
45779
45767
45749
45746
45737
45736
45729
45723
45715
45715
45701
45700
45698
45693
45683
45674
45674
45670
45661
45657
45647
45642
45635
45622
45621
45620
45613
45609
45603
45591
45556
45552
45540
45524
45514
45514
45502
45497
45495
45491
45480
45469
45445
45440
45421
45420
45419
45411
45408
45405
45400
45399
45379
45375
45363
45360
45356
45353
45349
45346
45344
45339
45338
45333
45333
45330
45326
45320
45305
45299
45291
45278
45262
45220
45200
45192
45192
45188
45177
45143
45139
45136
45121
45103
45102
45089
45077
45075
45061
45053
45043
45030
45022
44996
44991
44982
44974
44962
44957
44950
44922
44887
44886
44857
44855
44854
44842
44841
44840
44839
44825
44810
44805
44794
44794
44789
44786
44785
44758
44757
44755
44736
44719
44714
44710
44702
44696
44695
44688
44671
44649
44647
44646
44644
44641
44637
44626
44616
44613
44588
44560
44549
44546
44544
44536
44529
44519
44518
44513
44509
44507
44500
44497
44489
44488
44479
44468
44465
44462
44459
44455
44450
44442
44430
44415
44409
44403
44400
44395
44394
44387
44379
44377
44372
44356
44350
44348
44343
44342
44327
44325
44315
44298
44294
44288
44279
44271
44264
44259
44255
44249
44248
44237
44202
44201
44196
44191
44184
44165
44155
44141
44132
44131
44129
44095
44091
44086
44078
44044
44024
44020
44013
43999
43987
43979
43971
43953
43951
43944
43936
43934
43917
43906
43906
43902
43897
43885
43877
43868
43838
43832
43827
43825
43820
43810
43802
43790
43789
43775
43772
43764
43760
43755
43746
43721
43717
43710
43693
43662
43652
43648
43647
43616
43610
43605
43603
43598
43572
43550
43535
43534
43524
43523
43518
43505
43503
43502
43494
43491
43486
43463
43458
43454
43452
43450
43448
43442
43438
43426
43423
43422
43411
43404
43402
43401
43370
43369
43361
43359
43352
43347
43343
43342
43329
43321
43316
43305
43300
43297
43275
43274
43271
43266
43265
43259
43255
43219
43217
43213
43212
43211
43210
43198
43193
43179
43171
43156
43134
43129
43126
43116
43109
43102
43095
43092
43084
43083
43082
43062
43046
43045
43039
43025
43022
43019
43012
43010
43008
42994
42992
42988
42975
42973
42968
42947
42935
42916
42891
42878
42861
42861
42859
42854
42850
42830
42829
42828
42826
42823
42816
42801
42792
42786
42777
42776
42760
42754
42753
42737
42708
42707
42700
42695
42691
42684
42683
42668
42659
42647
42620
42618
42606
42600
42599
42589
42585
42571
42558
42557
42556
42553
42532
42517
42502
42500
42494
42482
42479
42476
42470
42469
42452
42451
42447
42443
42436
42429
42425
42424
42413
42407
42382
42380
42379
42376
42365
42363
42363
42353
42342
42336
42336
42320
42313
42306
42301
42299
42294
42288
42276
42276
42273
42260
42255
42254
42248
42231
42216
42211
42199
42198
42190
42179
42178
42176
42168
42163
42162
42152
42149
42149
42141
42132
42130
42130
42121
42111
42108
42093
42087
42065
42057
42048
42046
42024
42019
42017
42010
42008
42005
42001
41989
41970
41963
41949
41947
41946
41942
41938
41933
41916
41911
41899
41879
41872
41867
41867
41863
41843
41830
41808
41796
41786
41780
41761
41757
41753
41749
41745
41744
41714
41692
41687
41658
41635
41633
41615
41607
41598
41596
41595
41583
41582
41581
41579
41572
41566
41561
41551
41534
41522
41504
41502
41500
41475
41457
41457
41457
41445
41437
41435
41432
41422
41406
41363
41319
41314
41313
41306
41299
41294
41293
41285
41282
41273
41267
41265
41260
41256
41256
41235
41226
41219
41202
41201
41195
41187
41160
41147
41130
41124
41121
41119
41115
41107
41102
41094
41080
41040
41023
41011
41007
41004
40998
40993
40991
40981
40981
40965
40948
40943
40942
40930
40921
40914
40912
40902
40897
40887
40884
40872
40872
40871
40835
40829
40828
40826
40825
40818
40809
40809
40798
40788
40768
40762
40742
40729
40720
40709
40705
40685
40678
40675
40675
40657
40640
40621
40576
40575
40568
40562
40554
40538
40536
40533
40530
40520
40519
40515
40481
40479
40460
40459
40457
40444
40436
40427
40420
40417
40416
40413
40406
40395
40388
40367
40345
40344
40339
40327
40324
40321
40279
40274
40241
40235
40224
40195
40191
40189
40164
40153
40129
40117
40110
40108
40104
40094
40078
40048
40046
40042
40038
40020
40019
40006
39991
39987
39978
39921
39916
39916
39898
39875
39837
39836
39825
39812
39804
39802
39798
39787
39778
39770
39762
39760
39759
39751
39748
39747
39734
39706
39687
39675
39674
39672
39660
39654
39646
39640
39639
39634
39617
39613
39612
39610
39600
39597
39595
39585
39581
39574
39563
39548
39545
39537
39537
39521
39511
39499
39476
39472
39467
39448
39445
39443
39442
39430
39419
39418
39397
39392
39384
39380
39338
39336
39329
39316
39309
39302
39283
39261
39259
39251
39233
39227
39209
39195
39195
39189
39178
39177
39166
39142
39141
39137
39124
39121
39065
39065
39063
39048
39034
39030
39019
38998
38990
38982
38973
38969
38965
38935
38929
38911
38910
38894
38889
38881
38866
38857
38856
38846
38834
38834
38832
38785
38775
38772
38770
38758
38752
38747
38746
38732
38731
38694
38687
38686
38680
38679
38673
38673
38662
38661
38640
38624
38619
38616
38614
38610
38608
38591
38569
38558
38556
38539
38535
38529
38502
38499
38485
38459
38455
38445
38443
38438
38433
38426
38424
38420
38408
38401
38390
38389
38386
38384
38330
38329
38317
38296
38287
38284
38259
38243
38241
38233
38232
38196
38174
38159
38146
38142
38138
38122
38121
38121
38120
38103
38095
38093
38080
38078
38078
38075
38062
38047
38046
38037
38036
38029
38028
38027
38019
38011
37996
37991
37991
37985
37984
37980
37975
37941
37910
37908
37905
37881
37869
37856
37853
37853
37850
37839
37833
37818
37811
37802
37795
37795
37787
37784
37783
37777
37771
37770
37766
37765
37755
37754
37743
37743
37732
37731
37729
37722
37719
37718
37715
37715
37698
37691
37689
37683
37644
37631
37623
37622
37602
37597
37594
37586
37581
37578
37563
37551
37534
37532
37528
37523
37523
37519
37519
37502
37484
37483
37482
37456
37454
37442
37441
37435
37430
37428
37422
37419
37406
37397
37377
37375
37374
37360
37346
37326
37320
37310
37305
37304
37301
37283
37274
37268
37265
37254
37231
37229
37227
37222
37211
37206
37206
37200
37194
37189
37184
37175
37171
37155
37136
37128
37128
37121
37115
37114
37108
37107
37103
37103
37097
37088
37068
37062
37052
37010
37007
37003
36990
36988
36980
36976
36972
36972
36946
36945
36937
36932
36926
36926
36922
36921
36910
36900
36895
36893
36885
36838
36828
36822
36807
36800
36777
36776
36774
36745
36744
36742
36729
36707
36701
36693
36678
36676
36675
36661
36657
36647
36635
36633
36628
36627
36609
36609
36608
36596
36583
36583
36571
36567
36547
36545
36539
36524
36516
36512
36508
36465
36464
36421
36418
36412
36410
36395
36391
36386
36386
36386
36384
36381
36355
36342
36332
36328
36319
36303
36294
36288
36281
36264
36255
36253
36240
36240
36229
36212
36202
36185
36165
36165
36165
36160
36154
36148
36140
36133
36132
36110
36088
36085
36081
36070
36069
36058
36053
36044
36039
36037
36033
36024
36003
36000
35997
35990
35971
35966
35961
35959
35953
35942
35935
35924
35918
35908
35906
35906
35901
35878
35876
35870
35852
35843
35836
35832
35818
35811
35803
35803
35788
35769
35766
35738
35723
35722
35717
35705
35704
35692
35691
35682
35645
35628
35619
35613
35611
35587
35580
35570
35569
35564
35545
35536
35529
35484
35473
35473
35459
35449
35445
35445
35427
35422
35419
35412
35403
35375
35372
35360
35357
35354
35336
35322
35319
35310
35289
35279
35275
35259
35258
35258
35256
35255
35243
35208
35175
35173
35156
35130
35125
35121
35111
35107
35090
35089
35088
35082
35077
35070
35066
35053
35047
35043
35037
35034
35030
35026
35007
34979
34976
34970
34968
34952
34939
34926
34923
34922
34902
34899
34894
34884
34874
34873
34861
34843
34841
34833
34832
34827
34791
34779
34776
34771
34768
34759
34749
34745
34732
34708
34703
34702
34692
34691
34669
34668
34662
34644
34617
34616
34584
34584
34583
34578
34568
34568
34541
34527
34520
34487
34450
34440
34438
34424
34417
34414
34412
34408
34405
34402
34393
34387
34381
34380
34379
34371
34350
34345
34336
34329
34319
34318
34315
34311
34307
34279
34277
34265
34264
34251
34249
34247
34247
34245
34233
34231
34227
34220
34220
34218
34213
34208
34189
34185
34183
34171
34163
34135
34124
34122
34117
34103
34095
34082
34080
34080
34069
34043
34034
34006
34005
33997
33993
33990
33980
33971
33959
33950
33950
33938
33906
33906
33893
33891
33880
33879
33867
33866
33863
33854
33827
33826
33816
33810
33806
33799
33789
33786
33785
33766
33763
33759
33752
33747
33746
33738
33723
33711
33695
33694
33670
33663
33658
33652
33637
33634
33624
33620
33616
33598
33587
33579
33579
33566
33564
33543
33526
33514
33514
33505
33505
33481
33475
33467
33454
33450
33444
33439
33436
33435
33415
33393
33391
33385
33368
33367
33346
33343
33340
33308
33307
33300
33278
33270
33265
33260
33257
33257
33257
33243
33241
33238
33230
33222
33209
33206
33185
33170
33157
33136
33129
33122
33100
33095
33072
33054
33046
33044
33031
33004
32992
32989
32985
32969
32963
32955
32948
32947
32947
32911
32906
32897
32871
32848
32840
32832
32828
32789
32772
32767
32753
32752
32739
32725
32723
32722
32703
32697
32695
32692
32691
32678
32657
32656
32636
32634
32632
32623
32617
32612
32605
32604
32592
32553
32545
32544
32536
32535
32521
32510
32510
32507
32500
32493
32486
32471
32465
32464
32461
32448
32427
32420
32418
32408
32397
32395
32395
32383
32367
32366
32361
32350
32344
32340
32328
32326
32323
32304
32299
32239
32239
32215
32199
32171
32169
32168
32154
32154
32148
32143
32131
32122
32119
32099
32093
32078
32069
32067
32059
32056
32044
32032
32031
32030
32028
32027
32011
32007
31997
31991
31990
31984
31975
31962
31951
31949
31940
31935
31917
31916
31916
31901
31901
31898
31872
31852
31851
31844
31835
31834
31817
31811
31797
31796
31790
31788
31775
31770
31750
31749
31746
31743
31743
31739
31701
31684
31671
31668
31661
31658
31629
31627
31624
31624
31621
31618
31585
31582
31570
31570
31559
31551
31539
31530
31515
31513
31502
31495
31488
31486
31468
31467
31448
31435
31424
31420
31414
31413
31412
31393
31386
31386
31360
31359
31318
31313
31303
31297
31291
31271
31270
31254
31252
31251
31249
31242
31242
31239
31235
31233
31217
31206
31191
31182
31170
31163
31162
31146
31127
31123
31114
31109
31106
31104
31084
31080
31076
31051
31041
31041
31027
31007
31003
30987
30979
30977
30955
30946
30940
30932
30931
30923
30923
30913
30913
30882
30870
30839
30810
30792
30762
30733
30723
30719
30693
30691
30680
30669
30656
30639
30635
30626
30624
30553
30551
30537
30533
30518
30516
30516
30515
30506
30492
30485
30482
30477
30470
30444
30443
30437
30433
30411
30407
30362
30334
30322
30314
30312
30311
30307
30302
30300
30299
30284
30274
30272
30267
30260
30259
30257
30246
30243
30228
30211
30198
30197
30184
30175
30171
30167
30164
30161
30151
30150
30148
30140
30128
30120
30120
30107
30080
30072
30067
30065
30063
30062
30061
30059
30050
30041
30031
30018
30014
29990
29989
29980
29972
29954
29952
29939
29935
29930
29924
29918
29906
29895
29874
29852
29836
29829
29826
29822
29822
29795
29774
29756
29746
29739
29729
29685
29682
29682
29676
29672
29664
29664
29660
29650
29600
29598
29596
29593
29588
29588
29576
29569
29568
29557
29544
29525
29513
29511
29505
29503
29497
29492
29475
29473
29468
29467
29433
29431
29425
29416
29402
29397
29397
29396
29390
29388
29383
29375
29368
29367
29361
29351
29345
29341
29335
29315
29309
29300
29250
29245
29239
29231
29214
29210
29204
29196
29192
29187
29179
29171
29166
29154
29152
29127
29122
29121
29120
29120
29116
29109
29086
29061
29047
29044
29039
29032
29016
28999
28976
28966
28951
28944
28938
28932
28917
28897
28896
28896
28886
28885
28883
28875
28868
28863
28860
28850
28849
28837
28829
28827
28824
28814
28811
28809
28796
28790
28783
28772
28771
28762
28759
28754
28744
28740
28724
28723
28715
28711
28711
28689
28687
28685
28663
28657
28657
28649
28632
28627
28620
28597
28572
28549
28546
28540
28534
28534
28525
28482
28480
28472
28463
28456
28453
28451
28446
28440
28437
28420
28418
28411
28410
28407
28398
28390
28373
28371
28369
28339
28333
28327
28326
28320
28317
28313
28311
28303
28291
28275
28274
28257
28242
28232
28228
28216
28203
28190
28181
28177
28174
28156
28108
28105
28092
28090
28080
28057
28056
28043
28039
28033
28025
28016
28012
28007
28004
27994
27990
27989
27986
27982
27977
27974
27969
27953
27951
27946
27942
27892
27890
27884
27874
27868
27862
27861
27852
27850
27832
27831
27830
27826
27815
27815
27809
27802
27802
27796
27794
27790
27789
27773
27746
27736
27733
27729
27724
27719
27714
27711
27689
27677
27665
27659
27641
27641
27610
27608
27588
27587
27577
27571
27569
27567
27565
27550
27531
27515
27504
27484
27483
27480
27458
27428
27426
27420
27408
27408
27384
27370
27368
27368
27361
27342
27332
27328
27324
27320
27317
27316
27305
27285
27284
27279
27279
27279
27274
27265
27263
27256
27244
27226
27221
27214
27207
27199
27198
27197
27169
27157
27151
27144
27127
27087
27071
27068
27061
27054
27050
27044
27032
27022
27013
27013
27004
27003
26978
26977
26970
26949
26936
26930
26925
26923
26904
26903
26885
26872
26871
26870
26853
26851
26839
26838
26800
26796
26778
26771
26768
26765
26764
26754
26748
26737
26736
26734
26733
26733
26723
26721
26717
26713
26712
26710
26705
26683
26678
26671
26670
26666
26661
26658
26657
26652
26650
26644
26631
26624
26620
26613
26594
26594
26588
26586
26579
26579
26534
26528
26524
26519
26519
26506
26498
26487
26485
26481
26460
26459
26457
26452
26444
26444
26425
26417
26407
26395
26389
26383
26374
26372
26369
26363
26333
26318
26316
26303
26288
26286
26274
26273
26264
26254
26248
26245
26245
26242
26239
26218
26203
26190
26190
26187
26175
26168
26160
26159
26141
26135
26133
26131
26125
26124
26103
26097
26076
26071
26065
26062
26050
26047
26044
26039
26034
26024
26000
26000
25998
25993
25992
25987
25986
25952
25952
25943
25913
25908
25900
25889
25881
25879
25877
25862
25850
25844
25842
25829
25821
25820
25809
25807
25800
25771
25771
25768
25750
25747
25720
25703
25689
25687
25640
25626
25618
25616
25615
25612
25594
25581
25573
25560
25541
25528
25523
25507
25494
25473
25468
25462
25434
25431
25430
25428
25414
25406
25402
25391
25382
25367
25364
25356
25353
25352
25352
25339
25331
25330
25293
25287
25271
25269
25260
25256
25255
25234
25230
25210
25203
25192
25190
25188
25179
25175
25159
25155
25125
25121
25120
25115
25113
25105
25104
25096
25088
25081
25076
25073
25071
25068
25050
25046
25042
25040
25037
25015
25004
24990
24979
24918
24917
24884
24879
24872
24858
24831
24822
24822
24820
24809
24775
24770
24756
24752
24733
24722
24717
24690
24687
24684
24679
24673
24671
24671
24663
24625
24624
24623
24622
24621
24608
24608
24593
24570
24564
24554
24545
24541
24538
24537
24534
24526
24523
24518
24517
24511
24480
24480
24472
24458
24454
24451
24441
24441
24438
24435
24430
24430
24429
24429
24428
24408
24401
24400
24383
24379
24339
24339
24330
24328
24314
24314
24301
24281
24274
24260
24253
24238
24218
24209
24205
24197
24190
24186
24177
24171
24140
24136
24134
24130
24124
24118
24112
24104
24101
24078
24071
24070
24069
24045
24044
24044
24043
24041
24039
24007
24006
24001
23995
23991
23988
23979
23979
23968
23956
23953
23948
23934
23913
23908
23906
23895
23881
23878
23870
23824
23809
23803
23796
23790
23785
23779
23770
23765
23762
23761
23761
23757
23757
23740
23738
23727
23721
23718
23711
23688
23672
23668
23666
23651
23650
23647
23592
23589
23588
23575
23565
23561
23561
23550
23543
23529
23493
23487
23479
23477
23475
23471
23467
23448
23447
23443
23441
23431
23426
23422
23404
23401
23397
23394
23381
23377
23377
23375
23365
23364
23361
23358
23347
23326
23317
23310
23300
23282
23280
23270
23268
23267
23255
23239
23232
23227
23210
23207
23205
23195
23191
23190
23169
23167
23151
23148
23113
23086
23068
23065
23063
23036
23035
23030
23022
23001
23000
22996
22994
22992
22971
22956
22950
22947
22914
22906
22899
22890
22868
22851
22821
22819
22792
22781
22766
22736
22735
22732
22719
22705
22692
22690
22673
22665
22663
22660
22658
22637
22620
22619
22618
22616
22608
22603
22596
22579
22574
22574
22567
22529
22528
22515
22492
22491
22479
22479
22460
22453
22441
22441
22420
22419
22413
22411
22407
22405
22401
22399
22397
22391
22380
22379
22377
22355
22346
22341
22333
22329
22312
22310
22305
22299
22294
22288
22287
22257
22255
22251
22251
22251
22249
22230
22229
22217
22209
22192
22181
22181
22170
22168
22151
22094
22093
22089
22089
22063
22062
22060
22056
22047
22041
22022
22020
22009
21988
21984
21981
21965
21959
21958
21957
21954
21951
21885
21882
21880
21850
21849
21845
21839
21811
21809
21807
21802
21786
21781
21768
21768
21762
21760
21735
21735
21703
21691
21675
21661
21649
21641
21639
21636
21633
21632
21631
21630
21625
21622
21616
21603
21594
21589
21578
21577
21567
21565
21548
21548
21516
21515
21506
21506
21491
21470
21465
21457
21447
21417
21401
21396
21381
21363
21357
21346
21332
21324
21322
21319
21304
21289
21274
21259
21252
21242
21235
21232
21229
21222
21194
21192
21189
21188
21171
21170
21159
21142
21129
21119
21108
21101
21078
21052
21038
21035
21034
21016
20976
20975
20965
20965
20962
20946
20931
20931
20925
20918
20901
20900
20895
20894
20883
20878
20871
20864
20847
20842
20842
20830
20821
20802
20802
20789
20776
20768
20761
20750
20744
20736
20724
20712
20702
20699
20694
20685
20677
20654
20653
20652
20642
20639
20630
20627
20619
20595
20580
20578
20573
20572
20567
20556
20554
20502
20496
20490
20483
20479
20470
20465
20430
20403
20391
20376
20370
20362
20353
20332
20324
20303
20272
20271
20267
20254
20249
20245
20237
20233
20217
20210
20201
20198
20184
20177
20174
20158
20134
20125
20121
20089
20082
20082
20080
20060
20042
20027
20021
20018
20016
20016
20012
20009
20007
19997
19996
19966
19964
19933
19923
19909
19897
19894
19868
19857
19850
19843
19839
19821
19820
19816
19794
19789
19784
19777
19776
19769
19768
19761
19758
19754
19752
19745
19739
19733
19721
19720
19714
19710
19698
19696
19655
19655
19652
19629
19625
19623
19620
19601
19594
19589
19565
19560
19553
19552
19543
19538
19538
19529
19522
19517
19483
19481
19475
19469
19464
19443
19441
19440
19436
19436
19434
19428
19417
19407
19406
19388
19384
19366
19356
19353
19348
19335
19328
19325
19316
19296
19294
19286
19285
19282
19275
19273
19269
19263
19257
19243
19203
19187
19185
19183
19181
19177
19161
19156
19156
19151
19150
19145
19134
19112
19109
19108
19087
19071
19069
19067
19063
19063
19041
19025
19002
18995
18965
18961
18958
18946
18934
18901
18895
18890
18890
18868
18849
18831
18811
18809
18794
18793
18790
18789
18783
18781
18767
18763
18748
18745
18742
18728
18721
18719
18719
18712
18705
18704
18699
18699
18687
18677
18675
18671
18665
18663
18661
18642
18633
18632
18626
18615
18597
18595
18589
18585
18583
18562
18552
18535
18515
18515
18515
18494
18480
18451
18451
18439
18420
18416
18398
18396
18388
18383
18377
18348
18345
18343
18340
18331
18306
18305
18304
18302
18296
18255
18243
18243
18238
18238
18233
18222
18187
18184
18144
18142
18136
18136
18136
18116
18115
18095
18076
18072
18067
18065
18045
18045
18036
18031
18028
18027
18004
18001
17997
17996
17985
17985
17981
17969
17952
17952
17937
17936
17934
17916
17908
17879
17868
17863
17855
17852
17839
17835
17830
17830
17822
17819
17789
17745
17739
17733
17717
17716
17709
17701
17700
17697
17675
17673
17643
17625
17619
17616
17611
17610
17609
17595
17592
17590
17571
17569
17559
17551
17547
17543
17527
17525
17519
17508
17505
17497
17474
17462
17462
17457
17452
17445
17386
17378
17377
17329
17327
17326
17323
17316
17312
17306
17300
17297
17294
17292
17282
17268
17266
17265
17252
17244
17244
17236
17234
17215
17197
17183
17175
17160
17157
17140
17133
17133
17131
17125
17117
17116
17110
17102
17099
17099
17092
17091
17057
17021
17013
16985
16981
16913
16912
16910
16906
16897
16867
16854
16843
16839
16801
16791
16781
16773
16766
16737
16722
16702
16702
16697
16677
16646
16641
16634
16632
16628
16612
16611
16610
16598
16591
16567
16560
16559
16546
16539
16516
16506
16505
16486
16480
16480
16464
16458
16452
16451
16448
16444
16425
16407
16406
16370
16368
16336
16335
16334
16316
16297
16280
16269
16263
16261
16254
16251
16247
16238
16237
16235
16233
16227
16226
16192
16191
16171
16170
16157
16131
16131
16131
16104
16088
16088
16078
16058
16046
16036
15992
15974
15967
15963
15954
15954
15939
15938
15919
15907
15899
15890
15889
15885
15861
15847
15831
15774
15773
15759
15753
15745
15745
15743
15740
15734
15721
15720
15719
15714
15689
15680
15676
15673
15656
15641
15640
15640
15635
15609
15601
15600
15591
15585
15583
15582
15571
15550
15548
15546
15520
15496
15485
15476
15468
15426
15421
15421
15413
15405
15397
15394
15393
15378
15375
15374
15355
15352
15340
15326
15319
15310
15288
15281
15276
15273
15244
15220
15220
15206
15177
15171
15143
15140
15132
15130
15122
15117
15102
15100
15094
15078
15076
15057
15051
15025
15024
15019
14994
14988
14982
14969
14968
14947
14942
14929
14924
14924
14911
14892
14891
14888
14887
14872
14837
14831
14829
14801
14794
14785
14781
14778
14765
14748
14741
14732
14732
14732
14729
14721
14699
14698
14694
14681
14675
14662
14660
14625
14622
14611
14603
14602
14592
14582
14580
14566
14563
14553
14529
14525
14524
14516
14512
14507
14476
14474
14457
14454
14452
14452
14445
14432
14430
14430
14428
14425
14418
14415
14410
14405
14405
14394
14390
14387
14378
14375
14372
14371
14363
14361
14358
14349
14343
14315
14312
14310
14300
14293
14274
14226
14205
14195
14166
14165
14150
14146
14125
14123
14095
14094
14073
14051
14043
14033
14020
14002
13998
13992
13990
13987
13986
13974
13966
13960
13956
13953
13942
13937
13936
13931
13924
13904
13897
13881
13869
13869
13846
13845
13838
13830
13816
13796
13795
13788
13786
13772
13771
13770
13770
13760
13760
13744
13742
13721
13720
13715
13708
13700
13691
13683
13679
13676
13676
13672
13666
13661
13656
13655
13651
13649
13645
13631
13617
13608
13603
13589
13584
13576
13558
13541
13537
13535
13525
13519
13500
13496
13487
13484
13467
13460
13438
13433
13420
13418
13417
13415
13409
13388
13378
13366
13362
13359
13357
13341
13335
13330
13299
13295
13276
13274
13251
13250
13242
13238
13227
13192
13184
13172
13172
13170
13157
13151
13120
13106
13103
13095
13094
13058
13055
13040
13021
13020
13019
13008
12997
12976
12966
12945
12945
12937
12929
12928
12916
12913
12908
12908
12901
12898
12892
12823
12811
12764
12761
12756
12755
12754
12747
12742
12737
12689
12681
12674
12673
12656
12630
12620
12616
12612
12604
12582
12568
12564
12549
12543
12538
12501
12498
12491
12491
12488
12475
12463
12448
12438
12431
12412
12412
12401
12401
12401
12389
12382
12380
12361
12349
12348
12325
12325
12313
12296
12278
12270
12269
12258
12253
12253
12247
12243
12234
12222
12219
12217
12216
12215
12199
12185
12183
12176
12170
12166
12165
12154
12140
12140
12140
12135
12130
12124
12115
12107
12102
12086
12079
12078
12075
12061
12059
12059
12042
12038
12033
12032
12032
12031
12027
12026
11999
11986
11968
11959
11954
11947
11936
11924
11920
11909
11907
11891
11878
11874
11853
11837
11828
11805
11783
11775
11757
11754
11741
11733
11729
11712
11709
11692
11667
11667
11640
11616
11602
11598
11585
11584
11577
11573
11566
11561
11560
11554
11544
11519
11515
11512
11503
11502
11489
11479
11470
11442
11436
11432
11423
11423
11417
11416
11414
11397
11396
11392
11390
11388
11375
11374
11360
11356
11353
11293
11286
11281
11277
11269
11262
11253
11249
11248
11242
11240
11230
11225
11225
11216
11210
11191
11181
11171
11168
11167
11167
11161
11147
11122
11114
11114
11112
11111
11109
11106
11075
11072
11070
11069
11049
11032
11028
11020
10995
10991
10979
10974
10967
10963
10963
10957
10925
10923
10912
10910
10902
10899
10884
10879
10876
10873
10872
10869
10858
10858
10847
10839
10820
10817
10796
10791
10786
10782
10758
10756
10719
10715
10710
10705
10705
10703
10697
10691
10688
10678
10663
10661
10647
10620
10617
10616
10604
10602
10596
10590
10575
10572
10562
10557
10535
10531
10518
10499
10491
10468
10455
10447
10442
10431
10428
10417
10412
10408
10405
10397
10394
10389
10387
10384
10378
10376
10376
10354
10352
10345
10324
10321
10315
10267
10257
10250
10240
10237
10234
10226
10222
10213
10204
10185
10156
10149
10143
10134
10124
10107
10089
10084
10075
10075
10066
10059
10042
10039
10037
10027
10005
10002
