19366
10005
10185
12674
12278
18187
15485
17733
16722
19768
12892
18136
11114
16913
11640
10447
16238
17316
14929
18233
15468
15496
18552
14603
16247
18699
12183
10876
12616
12488
16251
19543
12463
19754
13341
12086
11874
19897
10143
13992
16297
12296
11432
17282
11733
13335
11436
13796
15745
10417
13966
12401
15656
18045
11032
11442
10879
14699
11709
10858
12681
16560
10884
14293
17934
10412
15102
16766
17592
18398
12945
18136
12823
16867
15057
17830
14361
12549
10226
17985
12078
11114
15374
15847
12582
19464
18494
10468
18585
13846
12901
18345
11028
17952
13869
13770
19002
19145
17673
15177
17863
12673
12026
10491
11423
13055
12997
16506
16170
18597
11397
11277
10691
14274
14785
17244
13366
12313
10002
10315
15689
10872
14516
12945
16046
17175
12898
11479
16171
19087
16843
19156
12401
13120
10616
11360
19181
12115
17102
10352
17292
15939
18790
16546
17268
19282
15094
18719
11783
14146
19112
17981
16505
18895
18451
12253
12937
19243
11249
15680
16254
16854
19909
14982
13924
16263
16773
14660
19696
14378
12761
17700
13904
16791
10869
14205
10089
15143
14968
15889
15220
17505
10719
12215
12032
19821
13172
16702
17839
14033
11561
11566
12348
14432
18383
13058
13589
14430
11712
19417
14474
19150
11248
11230
19161
11936
13019
19996
18076
11181
11069
17234
19565
14452
10995
13998
17125
11111
18995
19109
13021
10678
13990
15220
15640
19758
16088
12966
15640
12234
13409
19294
18396
17559
19625
14563
13519
18809
15954
13537
11968
11853
18306
18304
18719
12154
14349
14125
17547
11414
11907
18031
18515
11109
19839
17619
18331
11416
18036
10705
12135
14095
12656
14947
16737
16781
11560
14994
19263
16598
16697
17099
13760
12079
19560
18416
18451
15140
19739
19134
16227
10324
11909
10321
14165
10442
16448
14123
13170
10376
11891
18763
18677
17244
14837
12185
18783
13683
16458
11805
17215
15745
19257
18001
10796
15719
18515
15720
12219
11388
19388
19752
16516
17457
18095
15122
19328
10250
17819
17525
11262
14611
17675
19469
14524
13157
18961
10394
14729
12747
14415
14457
12032
10037
12401
14801
12689
19025
10620
18794
13276
15967
10213
19816
17716
10075
10604
10405
17236
18243
14681
19156
15601
12325
16591
11390
12140
13838
10378
10756
11167
19185
17091
14454
14430
18699
15954
10782
15310
11122
13655
14580
17445
13467
14529
13238
14428
14371
11502
17266
16567
12027
11519
14343
12755
11225
13020
14732
13931
19553
11147
15100
14390
13192
12475
13603
17997
15641
12737
17300
15273
16464
16480
16559
17452
10027
13795
12498
18811
16336
13330
10240
16088
19623
19063
15276
16801
18222
19407
13956
17462
10042
17133
12756
18072
19652
17789
12170
13869
19436
14445
10084
11878
10204
15378
15051
10075
17312
12075
18439
15421
17952
17868
15413
18136
15583
13974
15609
13250
14315
14988
10786
19655
12431
17462
14312
14765
11828
16632
14372
18340
14924
13708
19966
17329
16452
13720
13103
13987
12976
12438
12199
11544
17996
15673
12361
12269
14582
12764
18028
16702
16058
15548
10124
19269
13937
13095
12811
11168
17830
15171
16261
13420
11392
18238
19522
10602
16897
15861
11920
18243
10688
17508
14781
10705
16611
14226
15753
12349
10912
17474
14662
19777
11503
12929
17590
18665
12216
14622
17140
12107
17625
13830
19384
18793
19933
10703
14721
12059
11281
14625
11602
12543
15024
14942
13357
18868
11020
12166
16677
14829
14375
13484
15405
17386
18965
15281
18480
16641
10066
10531
14166
12059
19183
19964
13953
13666
17835
12412
11070
15288
14002
19720
14525
19721
10376
12247
10455
13617
11075
11986
19733
10661
18255
10039
13744
15206
19850
17021
10590
14051
19483
14892
18745
16233
18663
13500
15938
16191
14410
18535
13881
14566
10925
10345
15394
13040
12389
13721
15774
13676
19443
17616
19594
19538
14300
19714
14553
19071
15244
15520
18704
13295
14387
17327
14741
12448
13960
16157
13242
17378
11667
10518
19177
19481
17739
16316
10923
15355
15025
12243
18302
12754
12913
10910
19434
17117
19761
15714
10354
10858
12568
17551
15963
17131
13172
12604
10991
16981
15582
18115
12124
11729
18671
12033
13691
13771
19275
18721
14507
12928
15397
18661
18184
12140
19629
18583
13816
18633
13986
13656
18890
12140
16370
19335
12217
17985
18728
18515
18027
19538
16839
19325
19041
11470
14924
11573
16444
18675
10267
19316
15635
13151
16131
10149
17609
15421
19601
10873
10535
15546
17852
13772
15130
16906
11417
13608
12102
15476
13576
17569
17323
12253
18849
10222
11584
17717
17822
11216
15340
18116
13645
19069
18781
15734
10847
14195
14020
11286
18144
18595
10839
13676
15375
18348
10499
17519
19151
18901
13094
13299
10697
14363
16131
11161
13274
17697
14698
10575
15676
15076
16131
15326
10902
17916
19406
12742
13672
10979
17116
10408
16612
14891
16280
13362
11947
18420
14794
17057
16226
10974
11293
12042
10134
14732
12061
14592
11240
17326
15117
17643
18388
12564
11225
13700
14094
11757
14150
12491
17197
11049
13417
12538
12412
14969
18705
19776
17936
16425
17297
13460
12491
10562
13661
19187
13760
11210
11242
19868
11191
15721
16334
17252
15899
19655
13251
18067
12176
17157
16912
18748
14748
13415
14778
10257
14394
11112
18626
15352
18343
19745
13558
11754
17969
15759
17937
16078
11554
16480
17377
12380
18934
16539
11375
17745
17099
17133
16269
10397
14732
13786
13433
19428
16036
12258
17879
15831
19789
13378
19436
15885
17611
14043
19769
17595
11253
11959
10899
18789
10387
12630
15019
14887
13418
11374
15132
13651
13770
18305
10557
13845
16985
14418
12325
14425
13184
19441
13496
10963
13227
11171
19894
12501
18712
11512
17908
13936
17013
13742
16406
10156
11489
10791
10572
16610
19067
13649
15992
11667
19997
15585
10957
11072
12031
16368
10647
19820
10710
15550
19784
18238
19108
11924
18958
11837
19348
14405
14694
17183
17294
12612
11999
18642
17265
11692
19620
13388
11775
18296
14831
13584
17497
11269
16486
13897
18377
18767
19843
12130
13679
12222
12038
11515
13438
19589
10758
15974
11585
12908
10715
14452
19356
18004
19285
16192
10431
10967
17160
19794
13715
15890
18831
10963
12916
15426
12382
18946
18142
15919
16104
18632
12908
10596
19710
10817
10617
14872
15740
10237
14310
11741
19475
13106
12165
16628
14911
19286
17543
11598
18065
11423
19857
19063
10428
17092
13487
16407
17527
10663
19203
11616
10234
18615
18589
13525
14888
16237
18742
16646
18562
15591
17571
19517
15773
17855
11396
16335
17709
15600
13788
11353
16910
14405
13541
19529
15393
16634
18045
17306
15571
16451
19296
14602
10384
10059
16235
17701
13008
12270
14512
15319
19923
19698
14073
14675
15743
17110
13942
10107
17610
11356
13631
15907
19440
12620
10820
19353
15078
11577
18890
13535
11167
14476
14358
11106
11954
10389
18687
19552
19273
13359
29196
24136
23529
24671
26254
27565
24679
23785
24430
24717
26925
27974
29187
28463
29576
22491
23493
26363
28369
23543
29492
20332
27815
28311
28886
20639
22899
28837
28056
22766
26678
25234
24429
26800
24253
25703
24518
24722
20864
27342
20556
27719
29121
22732
26444
21880
29557
22608
29473
22391
28257
22660
20962
22956
29676
21401
20271
22579
27946
25104
23169
29588
23881
21965
21639
28303
20724
22305
20572
26316
20573
23906
26838
24435
20018
26248
21811
27951
29829
22217
20009
21703
23908
23688
21633
21506
29672
22251
26658
24454
24770
21194
27054
28440
21885
25431
28546
23991
22089
22453
26754
20324
26710
29044
24238
25046
20080
29511
20174
20012
23779
29367
20642
21675
28632
26245
29016
27587
23000
27221
26594
24775
23790
29351
21809
25125
29596
21171
26631
25430
20082
27370
29109
25042
29032
25541
21768
21636
20391
21038
23113
24517
25155
28418
28976
28711
24429
29179
29503
21565
27013
28333
21324
28663
20653
27892
28092
21159
27789
28181
22603
24752
20750
26936
21034
26239
29980
26670
22333
27733
28657
24301
25406
22479
27087
28453
26661
28796
25626
28687
20652
26734
23317
25809
22420
22020
22299
28228
29086
25768
21304
21958
24330
26133
22063
26444
29836
22249
27004
20975
28456
24625
28938
23803
26721
27284
27861
26000
22329
27641
26613
25040
21661
26190
26666
28759
20895
22377
25523
26190
26407
27989
29682
26579
21252
20125
21951
22971
27157
28724
27531
25560
23426
20789
28232
24209
24339
20184
25468
25616
28824
21192
23761
25352
20627
24608
27982
21630
28540
29431
25382
21515
29120
26487
25230
28446
26519
20198
27274
20744
25473
27659
27328
27408
24314
22620
26923
26044
24281
29593
28740
21363
27884
27874
22914
29924
28723
27324
25210
27071
20931
20768
22994
27890
24400
28790
28883
27483
27569
26459
28007
26175
27711
24045
26425
23651
28177
28371
28326
21735
27279
24408
25750
25260
26374
29513
23666
23487
20465
29826
20177
24428
29664
20802
26065
29906
26389
23953
22479
26644
27484
26369
28783
21786
20479
25640
27809
28043
28999
28016
25800
20918
21578
29127
26949
20470
26039
23870
25105
23190
28868
22399
26050
26245
20430
22401
26870
25462
24438
22690
24006
23255
23381
21457
29952
24218
25088
29739
22663
27256
27226
23207
29383
21954
20201
23948
22168
20883
22992
20554
29774
23668
27368
23361
23757
24104
25507
25807
26588
23365
24979
22596
26768
21289
24078
22460
23282
27480
22692
25071
23475
26242
25862
20237
20217
26796
27815
23300
21589
23086
23895
21506
24822
29335
24663
28809
23589
22170
28451
21119
25581
29214
29425
28203
22405
23561
29397
23956
26159
28814
28313
25256
28657
28827
22441
22821
25771
23721
20362
20578
24564
22567
20267
25096
29341
21567
28105
22735
21802
22255
27317
27729
23913
22996
24472
27689
26168
21616
21691
27994
25913
21332
29939
23995
28482
25391
21577
23448
29397
24044
26203
28771
25881
24537
23443
25339
28317
29390
20761
28525
24205
26519
26620
20842
25159
29245
23765
24879
29166
23979
23796
24554
24190
29685
21625
28420
20894
25720
29315
20699
25594
29122
21632
23979
26903
25255
27942
22950
25330
20021
28896
26024
29416
20821
28190
26460
26124
28549
25820
23268
29660
23988
27420
20976
22616
28004
23030
20496
28534
22257
23471
27608
21016
25073
25771
20901
28863
26737
29402
25192
21603
23068
26839
27567
25076
23477
22041
22819
28597
24623
29210
21188
24314
27665
25331
20134
28090
26528
24673
21242
28875
26671
22441
20502
25269
29433
21322
27068
24545
23227
20946
26131
24733
22287
27285
29822
23210
23377
27588
28327
28572
28849
26524
27032
21807
27953
22294
26383
26930
25877
26851
26534
22947
26683
25747
26071
21235
23757
21229
24339
21649
26498
22151
29795
21170
29598
26650
26062
25986
24570
25015
24070
23364
25402
27641
28811
24140
20802
25121
20925
21762
22022
28966
21078
27199
20694
21845
28411
29154
22618
25998
27802
21108
27169
25352
27504
21622
20089
22890
22230
24917
29468
27279
29588
22341
20016
29204
23740
21101
21957
22094
28762
20303
25829
26506
26736
27986
21319
23065
28410
24622
23592
25068
27151
28216
20245
27550
26481
24274
28039
20931
29116
23968
24328
28689
24041
29746
25821
20965
22379
21984
25689
28274
20016
27305
21631
24044
27790
28897
25203
28896
28772
21850
24990
26748
24534
26765
23280
27022
29822
24541
23824
21548
28407
28025
28275
20121
23934
23565
22056
20483
28685
20677
28932
28012
22419
26723
26264
20654
26286
21035
26579
20595
21548
29568
23394
23151
27332
22397
24624
24538
29039
28829
22673
27610
23310
28472
26872
24441
20712
24112
29467
21189
29989
25271
25687
28057
20830
26733
26076
27724
25175
29954
26288
22665
21259
27050
21760
23001
28534
21396
27320
20254
26417
28951
29231
27677
26372
24043
25850
29756
26273
29664
27426
21981
22637
21274
27013
29895
24430
28944
26712
26594
24383
22574
22181
20007
24124
26586
28437
27368
24130
25615
21988
29918
29990
22288
24526
27571
22411
26000
24858
29544
28033
25879
20567
27244
24001
28885
23401
22355
20619
27003
23588
20042
21735
23167
27361
28398
26218
26034
22906
26871
23809
27265
22413
24820
26187
21129
27127
21849
26333
23239
22529
21142
26853
22229
26657
23431
25528
21768
28156
21417
23148
24101
25081
22515
20580
23404
20900
28373
29192
21959
25900
28754
21357
20233
24822
23727
21594
28320
26778
29171
22047
21470
23267
23422
25364
20082
24071
27198
22658
29309
23347
25987
27852
21781
22619
20630
21346
26764
20965
25842
25190
29505
27832
20702
27577
24523
23375
25188
24480
20736
24458
26485
27969
29152
22009
22736
27977
26970
20353
28917
24379
23762
20878
27197
23479
21232
24872
28620
21839
24687
22781
21465
29600
25367
20272
24671
22380
23063
26135
24918
25573
21052
22312
29061
28715
23441
27736
22792
28108
20842
27746
29650
26097
27263
22407
23561
29930
22181
28850
23878
25353
25113
26318
26771
22492
28339
20210
28711
24007
26624
28627
23036
24260
29120
23035
24441
26705
28291
20060
28860
25612
25494
29497
26978
24171
20370
23575
25952
26125
22851
24177
24608
24511
24480
22574
20158
23550
27850
25618
23718
24118
23270
23738
29047
26303
28649
25120
26395
21641
24069
29852
27279
27144
27794
20403
27515
29250
21447
21882
26717
25993
25004
29935
25115
25293
20027
22209
24831
26457
22705
26160
20376
21222
23377
20490
22060
25179
26141
27316
23195
23467
26452
24451
28174
23205
26103
22093
23650
23022
27207
24690
25943
23232
28242
25889
27831
24684
25434
29388
22251
23358
20249
29682
24039
27061
29729
27773
26274
26977
26047
25414
20847
27408
24756
23397
29239
25287
26904
22310
27826
27384
22346
26885
25992
25844
23672
23761
25356
22192
23191
29300
21516
21491
28390
25037
22528
28480
20685
27458
24401
27990
27714
29525
29396
27802
29375
29874
24593
25428
27428
23447
22062
29361
27868
25050
22868
24884
28744
27214
26652
23770
24134
26733
24186
24809
27862
20776
25952
29569
23711
29345
22719
27830
29972
24197
24621
27796
21381
22089
22251
20871
25908
26713
23647
29475
27044
29368
23326
28080
31621
31239
34732
30913
39617
31627
39195
38424
34873
33980
38146
36165
31618
39309
37128
36288
38078
36081
30407
33514
37784
36828
31271
31743
30733
31386
39640
35070
38438
34231
36777
39778
31076
35256
34082
37519
30792
35354
33031
37991
38910
30882
35053
31249
38259
35111
39233
32848
37850
38317
30639
38433
35427
33785
38036
39812
33185
32500
36294
32636
35449
31559
32199
38846
31252
34874
31991
39166
32605
30334
37003
32099
38029
30198
32739
38640
36900
36037
38122
35722
37375
39283
34702
33444
37374
37136
31502
34408
36745
32692
36240
39875
37320
35275
30492
30259
32510
35125
31393
39065
36980
34379
31084
39063
36255
30506
38616
32059
32471
37171
38614
32239
35310
37442
31162
31313
34319
31851
33257
33343
38732
36910
31661
38746
38329
35901
33747
36678
31990
36972
30839
34135
35971
39445
33670
38420
35043
39634
38241
32397
37743
38330
32239
39610
31949
37689
35924
30551
30031
33436
35034
32461
32752
37419
36729
36776
36165
33072
39316
37108
36000
31671
39137
37121
39545
33514
31624
30148
38529
37551
30977
33990
32168
38174
32695
31539
33367
30680
37155
36545
39978
36633
34970
36596
37519
34884
36807
34976
30624
33391
35818
38591
33624
31668
31242
35691
39747
35422
31106
30940
32366
37581
30228
37206
38866
32323
38661
37422
36547
33694
30913
33467
39706
31739
31291
38103
32725
30197
34922
36976
38881
35611
31003
37719
35088
38990
37128
32395
39600
37268
38556
36516
39065
34440
33789
35803
30691
36386
37304
39209
36395
32947
35473
33658
35832
37766
39759
38296
36085
33950
32623
32030
32056
34450
33230
31412
34247
37301
37941
33100
33637
39418
33564
33209
31123
36088
34402
34708
30065
39837
32612
39499
32011
32299
33046
37326
35419
34279
36635
31041
37184
30140
34350
34189
36946
37523
37254
36800
37996
31468
37731
33663
31420
31424
32697
38401
36154
34692
39898
37097
34213
35811
34005
33566
30311
36567
37908
30059
32510
30063
31951
30272
35997
38998
30437
34568
36744
30018
34336
31585
34080
31817
35130
35258
33866
35569
34899
39511
31916
32955
39177
36386
37602
39581
36701
34841
30979
34208
35836
39261
37231
37114
39476
31270
38731
38535
35255
39048
37777
32832
30067
34584
39991
38894
38196
36937
36342
37397
32326
35258
34861
38889
36627
34779
34220
32418
38243
36921
30516
38673
37715
31750
30762
36303
35990
36240
35357
34745
34424
37274
33598
33170
32044
34080
31303
34759
39195
38929
39472
32544
36264
39548
37310
39443
37910
33738
32632
38624
38775
32703
36926
39595
37985
31114
36676
39141
34171
39836
37853
38037
34183
34669
30931
31359
32767
36133
37881
37975
39336
35628
31901
31495
31360
31217
30955
30211
33867
30870
37007
32656
32119
35788
35030
35175
37802
38679
33450
32871
36058
35289
30312
35876
34968
38973
33241
39825
32367
32911
37103
31901
33238
33307
38455
30260
34541
37406
35243
34069
30050
35870
34616
33746
38445
31684
30274
36148
30246
34034
33616
31962
35459
34124
31488
34520
39585
35966
37528
30656
32657
30923
31935
39521
37795
39019
34218
33340
31629
35090
37811
35077
30257
39442
31235
34264
34843
30477
30300
33543
35587
31513
39675
36524
32789
35580
34578
34233
37771
34412
33863
33004
32078
34220
34487
32507
36885
37227
32304
34833
34791
39124
30537
37088
37435
36410
36160
35403
31297
30719
33971
30171
35412
31770
39734
31041
37482
35279
36647
31811
31790
33810
37715
32493
38752
39227
33435
37107
32408
34329
30062
36384
33806
32521
37718
31254
36609
31191
31796
36932
35852
37770
32032
33880
32486
30485
30723
37594
38028
30635
31163
35878
35723
38610
34393
32828
38673
32989
38758
33997
38121
31917
34617
30443
32031
38075
36412
30151
38080
30515
34926
38159
39178
30107
36539
37754
36508
37729
35738
37534
30161
38142
39639
31701
34345
32448
38965
38619
37980
38485
39646
38138
37795
38785
39537
36319
36922
34703
39430
39384
32678
35935
31109
32350
36628
31486
30362
39770
39329
38284
34315
31080
38935
38389
38969
35360
38834
34117
33587
33759
31386
37211
32535
34768
37430
37578
33505
33222
39302
35959
30302
39762
31170
31251
33891
32985
32553
30322
32906
31467
30267
36070
31027
38459
30314
39687
38502
32395
39612
30946
36253
30175
32723
33122
32171
34405
39748
37743
35908
37783
32169
34644
38834
33505
37484
34583
39563
35445
36185
32464
30128
32148
38857
32992
36838
34122
30693
35717
34691
37305
35026
33763
34417
33959
36332
36281
30120
36165
32948
37563
32897
33481
38027
35803
31233
34527
37068
30533
39034
39030
31413
37839
31746
38232
30470
30243
36742
31242
39760
30041
30810
35645
36988
33906
31206
33526
36895
33206
30553
32069
30080
36693
37853
39189
32617
36044
37722
33136
35259
30072
36774
38608
33816
38499
36328
37984
35121
35942
38019
39804
38078
36661
37189
36069
31104
38772
37622
39660
35208
33652
36571
33393
34902
39921
34771
37765
31051
38287
31182
34249
33157
31975
34307
31414
34277
33620
32154
39597
35066
34827
32154
35173
39802
39380
35692
33257
33711
36945
31743
31775
32131
37360
39397
39798
34006
33257
32963
37175
36512
30164
38062
34952
34311
37644
38569
38121
33854
33439
33044
35536
35705
34979
33950
38770
37483
36675
35156
30482
30669
33129
38982
33385
39574
34247
38856
31788
36202
33243
30411
37787
33723
32840
39654
37523
30014
34043
36391
35529
35107
31146
36583
33475
31852
39419
34103
32545
36381
37597
35445
36465
33893
35082
33095
38694
32361
32634
37377
39787
37586
31582
31530
34387
34265
30307
39987
31570
33634
36421
31448
36355
34185
31835
35372
30932
38680
37732
37691
32328
31997
36464
36229
37052
33938
32465
33278
37010
32027
35047
33346
32722
38443
30167
37346
36212
34245
37283
35037
39916
38233
37428
35953
34923
33993
38408
36418
32604
33799
34380
36033
36132
35336
31872
32122
33308
33827
39751
38390
30284
38046
34227
30433
32772
39467
35766
35906
38662
32753
34095
33826
31127
33786
35545
31898
30518
37991
32067
36583
37833
30987
39448
32344
38911
37698
37869
31940
37456
31570
39121
37200
32028
37062
38011
39613
39674
36822
35918
30061
33766
35007
39672
34251
34939
33579
32143
32007
34832
30923
34414
32947
35613
39338
38384
36657
33579
38047
33368
35619
35473
35319
34568
30444
34776
31007
37206
38539
37222
37229
30299
38747
38093
38426
32420
36893
33752
39259
35322
31318
32383
37623
33260
34749
38120
33270
36039
32691
34371
33879
32215
31658
37856
31797
36140
31749
31624
33300
33454
32592
36926
32340
33906
34584
37194
37502
39251
35484
35769
31551
38686
35089
30516
33695
39916
37454
39537
33265
38386
37818
36024
30120
34318
35570
31984
36609
36972
36053
37755
31916
35961
36110
34668
31435
32093
34163
37905
34662
37115
30626
31844
35375
36608
37631
36990
39142
37532
39392
30150
38095
36386
37265
35682
34894
31515
32969
36707
35704
34438
30184
34381
33054
38687
31834
35843
35906
37683
33415
38832
32536
35564
32427
36003
37441
37103
38558
47561
46284
44387
41581
43825
49359
40224
40406
44857
46163
48498
44839
45591
46444
41863
42470
49449
45940
47651
48838
40621
49908
46112
42163
41566
45842
44129
42336
41314
44091
43316
48192
42254
41500
45674
46683
44560
45701
45411
42691
42017
47496
47631
45792
41583
43404
46910
43039
44996
47509
43897
43652
40897
46985
49674
40520
43647
45089
42336
46910
45749
48495
44519
45326
41502
43746
49490
48051
44736
48862
47478
41293
40828
40887
44613
42973
46909
48921
41256
43083
41457
41299
45715
42826
48669
47883
48838
43463
40110
42684
40189
48854
40279
49437
46784
43025
44886
48651
44294
40884
45421
41942
44078
49430
45445
49221
44794
42451
46842
46941
45872
43810
47627
48732
42288
40519
40416
44544
46625
40705
48779
47449
43789
45746
43486
49210
42425
45400
44696
49310
44255
42695
49989
41187
45609
48564
45779
40457
45408
44279
49258
41579
44840
43171
49734
48531
46303
48200
47406
42792
45552
42276
47183
43300
40420
49496
40129
42130
41004
40515
40417
42476
40998
40536
49403
45881
40575
41830
44647
49336
43717
45831
40104
40742
48011
41595
49019
47240
44962
46672
48007
40835
45375
45871
43046
42363
46143
47509
44350
41363
48488
46960
44671
40533
48513
49744
46957
42248
44479
49032
45480
49719
43534
49679
47145
47426
42313
40943
44794
41102
49632
47401
43259
40019
40153
45799
40809
42299
44758
41313
49404
45491
43019
49230
48974
45346
48287
44842
44957
45736
43535
44462
44298
47256
47838
43271
41007
43906
48424
46226
43045
40678
43343
47119
42407
40675
47789
43297
41615
42363
48184
49118
48592
43979
43755
42010
47240
41219
43352
49062
47760
49261
49967
44394
44488
47384
40530
46047
42121
45683
48030
44841
42130
48070
46397
43987
48231
42260
44191
48392
43084
44342
42659
43305
40324
40459
49211
46564
44013
43219
47586
49659
42429
49091
47880
43010
42005
48424
49246
41808
49617
42823
40981
47849
49188
43008
43934
46757
42620
48281
44184
47527
45192
45879
43710
49071
49470
46421
43936
45809
46378
48132
40912
45061
42001
47716
42482
45320
45102
43524
42994
42571
43082
42469
46391
40274
41147
48065
49158
40094
40914
41786
47088
44518
43370
47793
45674
44649
49044
44379
42008
49802
47328
42968
42447
45405
44259
48589
42606
42342
45882
47478
47028
43092
49856
45495
42647
45220
42494
45339
49928
46065
45622
42108
41596
43906
43448
41970
49527
42760
41119
40345
41011
40554
49219
49490
45136
46895
40729
44196
40685
42443
43971
48908
44024
46402
46160
42830
43502
45262
42294
44549
46586
46878
49863
40568
45767
43369
41989
48944
44825
44644
40657
42057
46580
40046
42376
45022
46527
43213
44400
47621
43450
43134
46484
43212
45889
49237
41522
41040
48214
43764
43616
41635
40576
44626
43550
44202
49772
41872
44810
46613
43902
46030
49369
40038
48888
42861
46150
43102
44950
41607
45876
42532
46330
44248
44415
43868
43999
45077
46220
41121
47079
42707
46711
42178
45075
42046
40191
44237
42861
45825
42452
40768
41598
46479
48746
47895
47197
42255
46764
42500
44343
42168
43572
42273
41319
40344
47880
42859
42737
44459
44377
44855
44974
47987
42198
46781
41265
44372
46158
45715
48314
42436
46344
44695
41867
43211
44719
42479
49438
41282
44789
42854
47065
48417
41422
41195
48679
41260
45620
40640
48286
40965
45419
48918
47091
49010
45379
44616
49813
48941
48249
48335
40006
45838
49226
41946
46159
44536
43116
43772
41796
49320
48160
44271
42700
43953
43523
41504
42753
40481
44395
48141
48138
44409
49777
45621
44688
42176
44637
43917
49316
46639
44249
41572
43452
45647
46707
42048
40798
48195
42502
46107
40444
43359
41406
45514
45952
45700
49068
48644
46463
40872
48662
49914
43491
42828
45139
40809
47599
41938
48737
48877
41561
49240
43426
46700
45800
42816
49881
41947
47175
42988
42162
44348
48616
42754
48961
44854
41692
43802
40720
46983
49282
40195
40871
45502
41094
44887
43505
42365
42093
41226
42019
41916
49514
43401
45556
40948
47520
49235
49904
42916
41124
40788
44710
49619
40562
47669
47521
44641
44020
42024
40339
46116
45497
46069
47810
43877
41445
42708
41761
48166
44325
44714
43422
46675
43329
45929
45737
43503
45363
49837
42777
40413
42599
46217
45514
40108
43790
47573
49872
49616
45333
44509
40902
46590
44786
44095
46533
45642
40241
44450
41867
47072
49685
47820
49277
49454
42668
46915
40675
48717
47982
49069
44455
48190
44264
46780
41534
42216
42380
48046
40388
48080
47042
46477
42600
43458
44288
43402
42585
43411
41753
43275
46245
47380
41757
40117
40921
41949
48552
45103
44315
46384
47707
48304
46681
47452
49327
42891
44356
42179
43721
47614
42382
47252
45299
45043
40321
44513
45723
44430
40436
43156
48554
46633
44991
47696
42231
49454
47215
45360
47708
48066
40762
47303
42975
47343
49115
44327
41202
40042
41749
44500
45420
41457
40991
48397
49397
44755
42353
44165
47234
43265
48905
48550
46132
42683
47823
41080
48934
46682
42618
46600
42065
42301
48315
49697
47788
45121
45356
48217
45053
43210
46417
48593
42190
45177
47380
44155
47627
45030
43838
46837
44141
42935
49679
46244
44131
43193
42276
49758
44468
47050
40981
42776
44588
45603
45399
45896
46877
45330
46919
40048
45333
47237
43321
46930
41285
48741
47873
44785
44982
40367
45440
40327
47149
49331
40826
49834
45948
49622
45879
40479
49250
43944
42149
44702
47830
49296
45729
41306
40825
41745
46451
46030
49283
42132
46796
40078
43518
41843
44403
46201
46960
40164
45693
41899
47442
48652
49239
41294
41115
42878
44132
46349
47792
48397
43885
48055
40942
42557
43062
45657
45985
42850
42424
47240
42992
45353
42517
46899
43648
42379
47999
42556
48071
49840
43266
47022
47046
41435
41201
42111
43109
47803
49742
43775
41551
49530
46002
40395
49060
42829
46890
49205
49507
47272
41744
48845
43022
42413
41160
48828
46533
44442
48549
43012
49008
41273
45469
45863
46183
42087
47888
43342
47342
45291
45670
47245
43598
45661
41633
48245
45278
47541
43438
47116
43274
49366
43129
41879
44086
41714
49519
43494
46103
44201
46396
41933
42306
47389
49517
48385
42152
43095
44465
43827
44507
48509
44805
45524
46713
41658
43832
43179
41107
46522
45192
47868
45344
41437
48373
46735
42553
42149
41256
48004
40930
47960
48338
43820
47825
47505
48722
42199
48488
43603
43347
42558
41023
44529
48168
48221
46554
45338
46644
41432
47854
40020
43198
43255
47690
45613
40538
48524
43951
47521
49742
42141
48479
49513
40460
46415
44489
46340
45349
42801
43361
43217
40872
48320
48111
47244
45635
48736
49151
42947
42320
46983
41963
48327
49172
44922
43126
46884
48869
42786
41780
44646
48057
47047
49196
40427
45200
49382
45188
41911
43454
43442
47988
41475
41130
41235
48190
47248
41457
48344
43423
48813
49124
45973
47540
49921
41687
48606
40829
46981
48591
43605
40818
43760
43662
45698
45540
47231
44757
40235
49470
47453
47635
44546
49792
41582
45305
43610
48792
45143
41267
42211
44497
48917
44044
40709
48709
40993
43693
42589
54075
50053
53406
59743
55597
55884
50839
56225
59282
52440
54721
56454
57015
58364
55061
55708
55456
54614
57069
53885
50292
57380
55836
57864
56216
58255
55622
52496
53327
51055
51473
54546
50384
59107
50869
54251
57397
57709
57246
59608
53335
51585
50662
52358
57889
50689
58822
58345
56629
50225
59097
51200
53625
56286
56389
52907
53305
52412
51347
51441
57926
58476
50393
50497
50635
56786
52694
50569
53859
53901
57064
59754
53878
50889
58266
58194
53171
55021
59569
54063
58877
55458
50193
59894
56832
55378
54821
52041
55077
51967
53920
56163
58188
58519
57046
57987
57913
59478
52044
50017
53788
56970
54743
53174
55032
53399
51967
51745
51696
50992
56039
55015
58851
54735
54825
53094
59099
53585
57449
55095
50904
59638
51528
58340
51687
51014
58851
54317
51065
59944
50032
58115
52754
57890
57254
56477
58268
57832
58916
52356
58027
53049
51343
53179
50102
51394
53015
55781
54950
57015
50205
56202
57242
55074
51797
52256
52051
55372
54939
55018
50282
52378
55689
58469
52300
56684
50506
55773
58259
55517
52130
54518
53372
58738
51533
50978
53555
59965
59759
50971
54769
51596
54293
53573
51088
57694
59997
50513
53980
57894
59297
56308
57382
56234
55346
51799
58024
57645
54841
58735
58000
55416
57425
59959
54386
50411
53442
59324
56114
50896
55510
50320
58083
55656
51561
56395
56333
54804
56462
57238
56036
56355
59211
59787
57928
50773
59182
59367
53068
53467
50156
52082
57021
54488
58611
57147
59024
50052
55114
51003
51194
53942
51044
54755
54466
50943
52355
50140
53510
56035
56433
58520
59092
50202
56808
52349
53180
58815
51003
58262
59341
50242
54963
57349
53584
50477
57444
52915
51144
54259
59221
56220
51548
56280
50931
50627
54554
54553
57650
55809
52146
54247
52004
53312
51974
52743
54285
52213
54896
54537
59522
50034
55827
56081
52891
56256
55965
52042
57967
59448
51007
52619
51170
59245
52151
57414
53024
55339
56725
50484
52714
58283
54295
58971
52440
56801
55500
54296
55931
52420
52912
52572
53034
52109
59483
50039
59605
56891
50350
55818
51243
57907
50072
58823
54831
51185
52587
56755
58543
50253
50768
59585
56921
56024
52090
56697
50120
56687
55966
52128
56291
57518
54100
50422
51669
51609
51213
58789
51862
51958
53116
50304
50727
52331
58570
56829
58086
50433
56224
57358
57401
53649
50669
58318
57570
59001
57739
57544
59707
54702
59527
50628
53319
53420
52189
55238
54692
51818
56492
54778
56536
53852
51721
52308
53628
57888
57769
58599
58720
50347
53757
51957
59877
55936
51438
50827
50505
53842
58170
51727
55210
51080
50652
59436
52832
54161
57297
53710
56665
51242
50624
59563
50881
54496
52186
52165
57083
54717
56440
52396
56952
52099
58646
56919
57736
54979
57416
58175
53820
58363
57669
55308
58752
50620
56766
51561
54377
54331
59798
57557
53415
51800
55648
51076
55379
58621
52237
56152
52016
59477
57198
52427
58605
51793
59607
58637
55475
59141
58122
59817
50592
55740
57530
53140
53057
51728
59458
51211
55793
59773
50060
56486
55560
52197
58672
51649
58299
56849
57852
54884
57392
50572
53611
50205
53073
55856
57649
54534
55085
56063
54595
51063
53766
54704
56593
52960
56474
50854
50666
52570
50380
59291
54876
55270
54127
57410
50307
57903
59443
57889
56601
55007
50451
55570
59342
53335
57753
59257
53031
58425
55732
52943
50988
51723
54062
50125
54034
58040
53823
57028
58516
57868
59255
57020
56120
57038
58348
53299
51098
53654
58114
56648
58126
50009
55777
58954
59600
53217
53322
58686
57260
57780
58173
56156
50864
56293
52683
52361
54827
55212
56359
51885
54459
52358
54680
55085
53630
53728
51760
57035
57465
51386
56982
57514
55329
53574
55900
59514
57831
52201
54977
57815
51444
55444
53834
50494
51385
53785
50514
58677
54323
52256
51948
58846
50197
59309
59536
58241
50730
51937
57644
59961
59445
59460
50722
50333
55639
51771
57277
56301
59746
52889
53494
58701
54345
53844
53678
59770
55827
58708
55116
51366
57340
53549
58160
53847
56605
50104
59540
58356
58341
55596
52661
53964
51142
59564
52373
59154
50077
52548
58558
56734
55279
51687
54662
58164
52885
57451
56087
58390
55333
51903
57866
58826
56798
56266
51256
55124
58664
59752
51686
50905
55954
52373
51951
58944
55082
54282
54861
57630
51128
54501
59675
51330
58536
59457
51950
56540
51319
59412
53526
58750
57231
51266
54483
51015
53072
54661
50544
59046
56069
56648
56324
57101
52999
52822
59010
52561
50159
58158
59052
56831
58687
51411
50322
57157
55898
53402
52299
59692
56853
50592
51278
52323
52270
51373
56228
59317
50922
52786
51586
57840
53461
57994
55348
51530
55093
59543
54438
55469
53837
51711
58622
54280
57219
50037
51292
53398
53243
51817
50416
52002
54899
55867
54382
53624
51185
58666
50108
50991
55158
56918
55607
57955
51295
53378
58002
50851
54717
54072
52158
54422
57408
57489
54162
55776
53095
51821
58975
50731
57173
51102
58558
59068
55919
55861
55789
54639
57341
53550
54159
55812
55704
52433
52418
54632
56756
53086
55780
54471
57281
52580
52874
57892
56895
55989
56994
53471
51439
52093
55741
59408
52849
58556
51789
56833
51397
56935
54738
53365
58082
52016
58664
54485
56085
59746
58462
53277
51013
57090
54316
50458
53255
55721
57817
56607
54950
55328
51976
58642
54895
59575
59514
54651
50443
53286
53390
56263
50429
54884
51448
55056
54622
50632
50701
53651
54876
52761
59762
51582
50912
52092
54916
52520
52706
57453
57375
50269
51397
50770
52069
59307
52325
50850
51246
56042
50572
51465
56726
58069
50341
50303
58892
54721
59195
54073
55087
50123
58194
56289
58547
50908
50795
54319
57996
53950
58397
58671
59739
57423
56882
57938
54205
56068
53947
50707
52215
59295
57094
58084
58618
55849
55215
56840
50616
50223
57300
56493
51052
54706
52103
54650
58070
51221
57244
50720
55187
59781
59153
51735
56683
50834
55863
50454
54677
50842
59897
59754
58971
54148
57487
57131
59785
57950
55091
50734
57887
59492
51716
59406
59883
50488
51369
59539
52812
58623
50990
57801
59808
58131
53777
50361
52820
53002
57895
53369
50634
55584
59094
53235
59799
55079
53316
50937
52700
54818
55866
50144
54111
58240
59855
50164
50897
53220
56083
56031
53941
58774
57371
55442
58559
53109
56834
51872
58105
53132
55882
55465
52015
58306
59109
55573
50557
59102
51530
50772
52324
57225
56952
59210
54588
59713
56716
57455
50298
54602
55859
51835
52590
58471
55206
53227
57486
50157
56048
55464
54963
51644
57316
54137
52314
53249
56759
51945
53174
58615
55070
51342
59482
57242
56081
58568
57539
53536
56685
57268
53128
57982
51343
53780
53286
59282
50210
58720
53335
50341
54867
52706
55734
59737
56226
52963
59795
52811
58859
51986
57217
52704
57040
63598
65999
67401
64956
60943
65236
66810
63816
64359
61329
69197
60432
68600
62711
63128
65234
69526
67614
67005
60513
66980
66710
69594
68264
65697
65319
62294
66551
68489
65742
68444
69930
68323
68025
67386
60035
64151
65902
62125
66991
62731
60360
60066
62117
68013
60176
61257
67655
69042
65204
66482
65016
60864
62901
69641
63659
63174
68517
61184
60763
61107
67566
67068
66720
65732
64023
60846
68752
64753
61818
69051
65441
62556
60654
68071
68420
64910
65799
68941
69840
69476
69904
60417
62090
63084
65802
61729
60359
66951
66168
65998
69774
62898
64538
63316
62885
69517
68714
67637
61364
61397
67101
60249
64985
64386
69252
60357
69151
61680
64388
67888
67295
62887
67175
66518
60353
65420
62951
61751
64249
65962
66105
66939
64886
64169
69518
69600
60410
65217
66988
66148
60715
67728
63097
64848
67388
61707
65693
61241
62764
65044
60440
60857
64753
69454
65290
66514
60307
66154
66587
68613
68315
67875
66403
61227
67713
60017
67474
61667
61983
60102
61628
69885
67849
62340
60619
63473
61852
68359
62065
69108
62855
69458
64499
60868
64816
65041
66036
69943
68776
63075
66866
62468
68925
65284
65588
64890
67135
67751
62656
63078
67358
69980
62056
64107
61995
68129
69804
62790
64509
64414
64578
61751
60233
68310
67440
60365
61290
65942
62534
62189
67845
68149
63997
69273
61785
61720
68042
64639
64907
68754
67233
67857
62532
61050
63564
64708
68204
68204
64074
61485
69618
60538
63426
69621
68584
67056
64839
64924
63009
68536
67736
69924
62909
65292
68081
63742
63513
63950
66642
63272
60040
68602
64836
61789
63378
63049
63972
68192
66820
69088
69512
61969
67622
60669
69187
69676
69270
69793
60204
67639
65300
60565
61769
68313
65505
65238
62291
67304
68774
62438
69704
69145
67443
63013
63402
67585
66063
68421
66146
61658
66719
61597
69157
64076
69933
67573
65158
63928
67093
67999
66978
69604
61271
69563
63654
65269
66600
63396
67649
62588
65933
60535
65079
69508
61861
67555
60355
66559
64727
66994
61592
65785
61534
61638
61709
64573
65801
64342
68984
62387
65941
67043
64535
66963
66208
63882
68212
69738
69694
66684
66478
63526
63062
60459
63858
67905
62976
66218
62322
66581
66419
62729
69885
65827
66588
61713
63837
67086
65139
66816
62183
63297
61367
62899
66700
60601
65235
68044
67601
64788
64124
61215
61698
64087
65009
66639
60118
69184
61136
67727
66632
68299
66756
67872
66600
64392
63536
65025
65568
62349
64000
63750
68983
64559
67662
60536
68779
62450
65165
69727
66391
68343
65715
66696
68066
66994
69207
60547
66325
63525
68311
61516
66146
65858
60319
67632
64048
64060
65708
64023
66060
61065
63485
62923
68788
65650
60315
61054
67719
62889
68836
64044
65213
67942
65735
62009
60026
60388
61315
60819
60071
67692
69591
66821
66878
60108
64223
67692
68957
60779
63019
62566
61900
69889
61715
60984
64370
66034
61943
67232
64711
63253
62665
64638
61569
62938
64871
65638
69470
60591
61214
63404
66129
60593
67823
63583
64479
61452
65572
67982
65106
66798
65018
61718
65947
69167
67044
61557
68995
63596
65593
67531
66169
69671
63474
61471
65351
61572
63019
67060
61834
64811
61779
67084
62844
60382
61084
67515
64352
69843
65935
64326
69819
69340
61396
66577
63877
69273
66714
66695
67317
68175
68228
69565
68568
69351
60951
68962
65134
65393
62014
60432
67468
67801
68275
64173
69948
69818
63342
63571
66145
66460
69183
69824
61217
62435
64991
68803
69869
61659
65349
65412
61283
63857
66131
66013
66018
69032
63173
64231
67330
60214
65956
65269
65541
62655
69436
63580
66276
65347
67166
68703
60937
68181
63651
62906
63250
63319
61710
61482
65354
69357
63574
65622
65802
63085
64720
61555
64373
65961
64481
66754
67900
62919
62593
69547
61083
60310
61982
63935
63589
64407
61852
68866
61341
63292
64457
68667
65461
61347
67348
65031
62086
62206
66510
63824
65988
63760
63436
66316
69129
68109
69007
66934
60618
62105
66418
65115
60566
66075
62637
66075
63535
61429
69983
62933
61639
64435
66811
62183
69654
67303
69487
63180
62532
63404
63913
65058
67999
68827
67465
62378
69670
64791
60258
66529
60837
62549
62129
62834
61204
67622
61146
61759
63968
69550
64549
65868
64447
61794
62282
62541
64104
67507
66493
66529
66471
67766
61062
60240
62973
69169
65982
62958
69435
63336
65779
68937
60628
62833
60432
61730
68382
66586
69466
69959
66373
65310
65582
66761
64665
69847
63685
69531
60313
66640
64261
60185
61279
65204
64990
64327
63536
61746
64059
64142
64929
66859
69082
68453
65211
61023
61248
65989
60623
66278
68790
68757
66645
63544
65063
63054
68962
63541
68129
60312
66084
67145
60777
66994
60029
69017
64566
69773
64050
60927
65497
65216
60933
67648
64889
69542
62151
68659
67628
61477
60066
67784
69943
68825
63370
63442
63169
68633
66377
64712
61820
64999
67702
65058
69288
62023
60945
61311
67547
69429
68547
68568
66943
69707
68439
64261
62283
68262
63651
65383
61139
63519
64792
67708
69825
62023
66352
68890
65977
65539
60484
67280
69609
69255
64364
60484
62897
63546
69156
69494
63876
65205
69925
65733
69786
66678
61515
63338
65877
67776
60097
67401
60629
66492
63325
66277
68497
65822
62311
62911
68348
60090
62692
65399
66408
63984
68738
60502
67724
64705
64385
61536
67882
64905
62374
67284
60952
62295
67139
64280
67221
69612
68138
62701
63426
65976
63278
65637
61857
61334
60344
61307
64506
62561
69257
62151
67499
61381
67564
67069
69916
66193
68518
68382
69741
68716
67047
60895
64712
66564
67517
69619
62235
65560
67144
69392
60116
65188
60691
69456
69652
63957
60507
61013
69452
65312
60394
63486
64987
65984
60091
66554
65632
64148
61739
66871
60661
66171
65483
61390
65335
62859
66232
61625
69846
66512
60077
60548
69606
60071
64167
60918
61844
67744
61024
66039
66457
61279
67120
67030
66966
63959
68071
62237
66030
60837
65099
69726
66410
63343
67386
67640
64846
65368
67555
60444
64998
67476
64148
62261
66665
65975
66481
69276
63741
61611
66771
65966
69818
60302
66909
64022
68064
65164
66646
65431
69662
69688
65173
61786
63257
65653
60323
67687
68405
61108
64811
62693
60024
67301
63307
67208
65380
61249
63678
64510
69179
64030
62483
69808
61088
62990
60333
60884
63496
60341
65490
68214
60264
61219
60079
63829
62769
61089
68387
61727
65212
63690
67813
64908
64000
69269
65485
67855
61963
68194
60318
67990
62403
63220
69156
63059
66663
65927
68009
66761
60848
69351
62013
61221
62927
64339
64203
67835
60942
69986
62163
66293
61281
63311
68797
69325
64418
69240
67955
69769
65647
60087
68165
68920
62110
69819
62261
61509
68258
61147
68319
69304
67965
60731
68908
65422
62153
62484
61656
62068
61214
69583
69930
60669
64133
64549
63341
65883
67632
60784
65110
63343
66305
68140
66884
63612
62168
69773
69676
66444
61880
63364
64300
65696
67457
60321
63689
62837
66848
60774
68054
61539
69422
66171
65580
66739
60746
60164
62408
65695
64246
65381
67039
63493
65526
65953
62258
72040
71544
71551
70082
73421
70760
76895
74067
79155
71098
74258
74144
75336
71188
71989
71695
77347
71084
73316
74463
74100
71053
77857
78570
70234
75598
74535
75046
71650
73023
77618
76745
75542
77576
77673
70680
77478
79084
79423
72301
75147
74124
75501
73639
71026
75797
75070
72021
74581
75951
71690
79399
76066
74502
75610
72637
70569
72216
74600
74065
72896
79978
76904
74323
73358
73497
73318
79386
79675
78440
75931
72070
74737
79006
79216
77411
75995
72906
74632
71668
77872
73964
76294
79325
75775
79035
79315
78481
73889
73978
78741
71502
77432
78443
71449
72183
76748
78395
75099
75533
77009
79937
73274
76202
76829
79958
73091
72499
78210
74511
70537
73036
70169
79789
72248
71894
76487
79473
72742
75166
77757
75953
70275
74973
72701
75002
70400
74435
77911
74342
78620
79740
72978
72946
79898
73715
71176
76433
72041
75474
73244
71693
72720
76164
71004
70375
76957
78011
72386
79362
79403
72379
77946
71468
72796
77699
70468
73454
76653
76600
77345
74581
73224
73381
78678
73106
75836
79930
79729
77134
79718
79933
72455
76067
79443
79155
77170
76235
73458
70146
74829
70846
77300
71939
70474
76601
70635
74988
79717
78528
70721
71004
72687
76379
78078
75165
77193
70702
72579
77612
74099
75689
77978
70516
74326
79496
72619
78786
77512
71445
70193
76236
74584
74024
74422
71594
78912
74820
79952
71323
71665
79033
74388
74067
74745
70148
78396
78715
78163
74483
70714
78499
73144
74097
72675
72896
71336
74018
70014
79758
74740
79431
78417
78280
73874
75877
76718
74437
71655
79435
77113
72778
78701
73396
72176
74992
72370
74096
78638
73588
76807
71977
70069
74319
74429
77790
72429
79343
78073
71901
70651
78608
73703
74329
71840
76901
73416
74680
72432
75731
70528
76068
73899
76240
78579
77211
72861
78514
71676
74463
79319
73698
73638
77372
79763
78627
71756
75991
70436
71524
75394
78195
71540
78472
75330
74897
78944
73710
73231
72303
77497
70912
74204
74602
74445
78748
75245
72201
73706
75846
78620
70109
75897
76280
79002
71161
71446
72063
72520
75889
71254
78372
79324
76139
73795
73982
79414
73808
78226
77607
77445
79239
72655
71932
78928
70430
73978
77783
72217
77126
75614
71004
71915
74812
79905
79232
79226
75857
72869
71908
75408
72652
72110
72761
75905
74926
71353
78504
70742
76250
70254
70580
74846
75269
77738
77206
71426
77568
76368
77778
76758
70345
75584
76083
70001
70261
71885
77211
72100
73825
73682
76007
72121
72053
77478
72555
74915
74306
79124
73536
78029
79012
77288
74802
73681
74492
79238
79921
73613
79607
79690
70463
77597
72324
74002
71321
76726
72948
77734
78994
76369
72548
73349
76055
75895
72481
73700
73449
70846
77790
73684
77510
76031
70593
71794
74822
72917
77613
71444
71070
79846
79619
75875
78773
79959
78558
74144
75690
70621
75074
74268
70686
72728
72080
73710
72176
72752
71789
72901
78298
73426
71322
77253
75907
73423
78440
75594
78673
75802
75140
79757
79172
75137
71988
76715
78460
72485
70843
73119
73296
77641
70800
78714
77755
72812
77237
72807
73957
71419
79568
73151
76356
70494
75647
79311
72987
74030
71758
73970
78110
77799
78866
78527
75492
73653
72051
70895
70962
72889
76086
76412
75323
77431
72207
70852
79806
77847
76304
71430
71960
71087
76783
76852
72397
73886
70394
74289
74620
76011
75356
73579
78817
75037
79862
72010
73665
71543
77444
71458
73543
74372
74302
77367
76678
79898
71854
70126
78296
74702
76744
71272
72879
76882
78168
73484
71997
77234
77597
76119
70472
71195
79484
74836
73530
72419
76441
78206
73970
78583
75221
70159
71495
78653
75672
72147
76768
74341
77168
75156
78881
72814
74703
71768
79448
70625
72366
71517
75349
71938
77686
75652
74487
78528
75496
75772
76644
72585
75199
79608
73912
78906
71482
71955
70105
76792
73583
78389
78054
73748
76366
75470
75173
77293
70069
70586
77580
70363
74644
76208
78721
75135
78564
74303
71036
74552
72577
75432
76452
71165
79856
74946
73564
79330
74934
78027
75395
76534
78111
72226
79841
75746
79920
70651
73646
70592
72548
79213
75816
78575
73028
73004
75249
78519
75515
71487
73743
76234
70689
76392
78096
71219
76485
75108
73264
77117
73746
78546
78725
72379
70988
77709
75723
79828
73618
75995
78221
79282
78331
77424
76193
77163
75516
71739
71220
73139
74765
70578
79588
74134
77880
76500
73235
77131
70300
76431
71366
71031
74462
78869
78943
79998
72072
76008
71523
71685
71488
73287
71344
72543
79020
77231
75049
77752
74535
72993
75762
77316
71089
77545
71602
70000
74241
75227
76982
77333
74949
78439
77412
78877
72161
76470
72862
75851
76809
79039
78682
70291
70856
73762
75020
71333
70988
74929
76722
78849
76518
71353
74421
78047
76492
79707
77592
76154
77237
72534
76128
75486
74206
72593
78504
78385
75522
71382
76000
71947
76465
70219
74843
74877
74892
70367
77738
74076
72653
70548
71684
75668
73455
77623
70630
72697
70443
70909
79482
79948
76970
78950
79204
76288
79368
71000
78944
72149
73378
78079
77244
71590
71271
70684
76624
70967
78958
74612
75161
76182
76722
77239
70886
70801
72509
75906
77584
78434
73843
75818
75740
79177
76742
77278
70452
79262
71080
73630
76138
74982
71617
70879
72854
76846
76472
78554
74699
79222
76736
78194
70010
79179
73961
71857
77620
71103
72337
75718
72014
74213
72324
74667
73385
77438
76665
73185
74239
77673
76991
71102
79874
79036
72318
79491
78206
78693
70037
72801
71117
73047
78893
70043
77587
75275
77602
73963
74643
70577
79698
74038
74268
73058
72298
70740
70500
76803
78783
73855
77246
74346
75671
70696
71339
75690
72684
76864
72704
77946
73199
72180
77134
71829
78588
73355
72989
73325
77478
75944
74885
79956
73505
77234
76881
71625
74993
79777
76981
71664
78329
73368
71213
78775
71598
74679
79735
75539
78044
76462
75714
76486
71515
72535
70166
71863
71220
78249
75938
71228
78188
79250
72533
74944
77765
75664
78321
78556
72314
70119
70269
72542
72312
74114
73031
76277
78469
71945
77358
74140
72332
70950
70974
76854
74142
72552
75883
79571
71069
73960
72543
74109
73105
78181
79648
76879
79574
70851
78264
72190
71042
75459
72521
74476
75121
73601
73737
78767
75899
77024
75594
77888
71118
73512
78202
75403
73323
78478
76477
76367
72952
70879
78868
78139
79118
74561
75207
76974
75951
76793
71616
76724
72723
79874
73074
71537
71556
79123
70121
74581
72538
71387
76639
76891
72009
75381
70846
74083
78710
76521
70880
70987
73420
74215
72443
73246
79411
72770
70471
78176
70935
71788
79025
75999
72866
77967
73283
71121
70676
75412
71996
70625
75868
70725
71900
72800
71113
76133
79436
71672
74386
74797
72644
78594
79604
79252
72871
75442
73916
70492
78042
71136
78859
74248
76043
74568
79690
70448
70289
76588
71293
79978
73260
71434
79589
79522
72895
72536
75053
77526
70147
72870
75728
77132
71289
71091
77864
79312
76036
70881
73576
77297
77580
75788
70219
75076
79891
75333
79036
74372
70450
70908
70032
76601
77706
70317
73372
75069
76103
79563
74273
77469
77545
71119
76482
78384
71271
75587
71533
85906
87660
85790
88379
80329
86631
81301
80391
80291
84060
88937
82101
85602
82749
88050
85083
88039
85204
86250
87507
81375
82848
82680
85198
81763
81908
82625
89705
85805
80658
86514
89838
87403
84520
84663
82395
86614
86452
87335
80936
83808
87506
87508
86360
89117
80302
84426
88516
80980
85794
82858
87560
82684
80109
81388
87852
84852
82610
84914
86903
85574
80434
83532
87396
81324
84101
84296
88642
88744
82501
82091
82916
85800
82394
87434
83244
86787
89119
81669
84344
80620
85538
87780
80685
85477
85677
81546
86799
88915
87329
85921
88274
85626
86918
84030
80653
82759
87355
85242
84020
87167
80676
84143
85368
80261
82678
82463
84305
89123
88450
85793
87275
84343
86464
85423
82056
81150
86662
85880
83798
89725
80479
86818
85047
83487
80617
80656
87318
82866
85654
82408
83626
87844
87718
81694
87730
83040
80645
84793
85377
89686
89732
87628
89872
81811
88904
86357
80713
82797
87030
89147
87789
87002
82082
83867
83250
89128
83101
89489
86669
83643
88897
86217
84798
88115
84003
82838
81534
86117
83016
83062
86665
83636
83136
82496
88007
88107
82971
88774
82142
83106
83635
87943
85630
84195
82248
87642
84087
88149
86406
89864
85911
89784
87286
80346
86043
82708
85765
89866
89908
85630
89890
88963
86631
83717
86005
89282
89087
86518
86227
86079
81815
81625
83713
85683
85360
88286
80140
89440
89089
86439
86565
85751
88591
88752
80885
88213
81712
82150
86052
84179
88478
80917
82209
85588
81436
80357
82727
87626
83445
85667
85551
81502
83307
83545
87470
84385
85167
80454
86040
89231
86726
81629
84084
82901
80925
83728
84703
86418
88207
80505
83462
89635
82981
89655
80549
86040
82714
81465
87580
89313
86280
80132
80858
86573
89136
89659
88064
88372
80600
87948
89137
89507
88242
87336
85470
87737
80439
80244
86118
86357
87487
81856
89326
88962
85300
80889
83939
83958
84031
81428
86417
80168
87015
84912
81086
80658
86469
88192
84307
81892
83113
85935
86585
80947
80752
83666
83477
85756
85582
86112
84337
89687
80513
83968
88809
81081
81584
88701
88900
89439
84744
86691
80512
82903
80321
81905
81444
88150
81712
83959
85940
80150
89428
87517
85625
88251
84690
85392
89223
82816
84391
81650
82013
80695
86127
88675
88339
89699
89484
89760
89150
87461
88433
80342
88466
84240
85346
85423
88225
86055
80388
83431
86231
88133
89126
89579
89323
84950
80223
83407
84771
81331
83955
81349
83865
81783
82917
83861
83204
87510
80759
82346
83207
80592
80525
81985
86284
81611
80753
89065
80450
85667
84418
81889
83799
82329
87940
89751
82711
88427
80331
88425
81810
87010
81518
81574
83735
82482
80448
84917
83520
81617
81124
81630
84519
86572
81875
85973
87685
86980
88458
86658
88710
88741
80983
83754
89918
87344
80454
81463
88093
88471
84252
86251
89444
87352
87454
81821
81862
86604
85114
80795
87292
82481
81719
88607
86828
82964
85142
84412
88393
81128
84411
86818
82172
84052
81217
85636
87177
88133
85233
86145
89501
80451
88212
88392
86290
85111
88147
83933
82291
82338
84359
89288
88652
86561
84660
82085
80808
80715
86719
87593
88839
81758
80789
88487
87407
85103
82056
88499
84522
82459
82094
84868
88090
86851
84656
80383
89766
88639
84323
82669
89402
89682
83946
80776
85854
80368
84918
87824
89481
89576
84114
82472
82026
89139
83182
88937
87630
82112
80137
83064
87879
87114
84729
89522
82301
84310
81268
89829
83539
81926
80122
84342
80032
81153
85688
88260
81361
80850
80786
88093
89331
86733
86713
85295
86715
84937
82495
84832
81796
83829
84977
82986
84368
82653
82360
87902
82461
81496
83358
80164
80597
89103
82136
86977
82900
80671
89739
80705
86547
87946
89346
80466
80063
81223
83376
85581
83424
82478
81876
85672
80615
81705
84147
81525
88340
83364
82040
81088
81118
83092
89304
88264
85738
86766
83480
80675
84065
82523
86429
81884
82379
84335
89649
81070
80671
82110
80666
81079
87829
82461
86528
80679
88070
81135
88275
89563
87371
87786
80006
87066
81549
84515
81507
80263
89925
86380
86785
85459
80330
83215
85191
89525
88745
82869
86491
85890
89988
87902
86450
88945
85190
81895
89260
83070
82032
87458
80315
89966
84215
80123
89773
87866
89197
89354
83244
86615
80045
81266
82384
88148
89332
80282
85256
86472
84619
84598
84686
87438
87215
83171
82401
83153
89322
82920
87940
88480
80868
84153
84794
84997
86769
89120
85107
89130
86979
82378
87568
87132
88832
82695
87808
82843
81662
86926
86159
84748
82671
85020
85326
84820
83935
88340
80285
81666
82195
85086
87743
85594
87560
83889
89916
82311
85870
83353
85165
88663
85993
80933
84197
81262
82512
87714
82148
84016
83483
80956
80209
88576
89851
84334
86473
81067
87004
82462
80444
86325
80664
88335
89222
87617
86052
81088
81526
88909
86382
89861
82381
80280
83810
84197
89315
80020
84239
85190
81743
89064
85553
85354
87677
87941
89393
83412
87222
85448
83574
87213
85702
89349
89173
81587
89112
85117
80180
85207
88221
87868
85344
87736
86922
85247
88379
86968
81228
89484
88625
84028
83733
81146
83387
86588
83552
80822
86379
84944
89075
83004
87182
85541
81988
84608
82783
80840
83870
85754
87028
80699
87235
81626
80805
85121
89805
81735
86669
86785
83174
80866
80300
87110
89432
85902
84860
82670
89405
87341
84898
82876
89708
83418
81856
88660
87966
82223
89751
84809
86444
88740
86962
89291
87823
81140
84745
84809
89187
80654
82606
85154
81507
83864
86074
81778
80867
85616
82650
86896
83664
84809
85487
80287
89844
81034
80365
87384
86474
84620
83681
80575
89411
89939
87244
89802
89680
80596
81868
81489
85245
86508
89996
85779
80564
87587
88377
88450
87760
81301
84434
83842
89668
82826
88563
88993
88547
86630
86620
84789
86226
86406
83718
83685
81633
87108
83090
82636
89627
81131
82138
85376
80086
82246
81862
88189
80866
87298
87880
85471
84164
86225
80908
85647
88694
87111
81663
81439
84476
89515
88662
82794
82219
82299
80140
88466
89821
83330
86684
83665
80647
84950
88452
83397
80495
88360
84515
83615
89014
88470
83063
84721
82165
84955
88490
82962
86450
80655
86615
82718
81734
81619
82408
89088
81431
87958
81998
85965
85428
86072
80511
87750
86573
89581
81780
83511
82622
83883
80757
88985
87240
80146
88337
82966
84224
80421
80090
83152
89095
88438
82634
86966
83057
85182
80774
84053
81367
85705
88206
84939
83141
83181
80863
89654
89017
83211
87540
87999
88453
87684
87436
84353
83897
83085
82261
80851
80858
84405
80705
81217
88080
83562
83019
82803
89363
89637
83333
88479
85620
88660
85758
81457
87007
81214
88118
88931
88696
85955
85006
87726
85965
86157
81610
83476
84456
80888
88436
84911
85818
87045
80001
82348
86628
81395
86605
88937
88059
80207
82594
86490
80856
80545
83054
89146
82676
80555
85469
83461
85302
80302
88278
86385
87474
86598
81445
86825
88746
81789
80230
81561
87568
80284
80581
80964
87626
89318
85502
81671
87497
84474
84534
87420
89493
86987
84944
89850
82656
83146
85577
86827
84245
81783
85216
81759
87471
89099
87967
85815
81875
80694
82767
84462
85715
88590
82526
86652
89896
81065
86483
88636
80984
81406
88202
87031
86285
82941
89643
81531
87924
85453
82353
82134
80228
83153
86266
81102
83874
88566
85862
82303
84612
88790
80024
82783
81475
80161
81570
81637
84628
85276
83355
85685
85097
81186
83592
85892
88689
83063
82111
88156
83061
84864
87790
90696
90291
98676
97780
91769
96724
99279
98071
98201
99222
90605
98528
94964
95090
96091
99677
92743
98442
92886
97617
96805
98778
96894
93933
99225
97286
92922
93197
91317
95981
90985
98412
98719
95264
95767
91507
92899
90029
99895
91145
99267
98077
90195
95110
99859
99044
92868
98738
97003
95849
96910
93032
99359
91284
93203
91017
94951
94581
96117
93789
98151
99892
90617
97984
98111
93656
90170
96752
94657
96916
97166
90858
99951
90768
96861
91948
97603
95812
96688
97523
92324
95240
94151
95519
90651
93267
93923
98728
95073
91984
90811
95875
99465
90255
96266
93213
99079
96374
94949
91799
99716
99685
90906
91995
99026
91491
96739
90415
90002
94645
93511
99661
92806
90347
99068
93249
91100
97566
94134
92887
95974
91987
96137
91589
95177
96513
94521
94590
97810
98840
94841
95634
97335
95622
97136
91453
99707
98920
98287
99062
92299
94552
97115
92008
95974
99654
97086
99345
90072
98306
99792
98372
91491
97869
90994
92542
97859
99033
92393
97460
97171
93222
90883
97607
97308
97705
96935
95141
90261
91479
94111
93051
90250
98716
95271
95600
94724
97448
90771
95336
94507
98169
98910
93798
93938
97472
95443
94114
95486
93254
99348
92929
92891
91746
91565
92022
93057
97021
98948
94815
93448
92449
93355
96976
91131
98609
94913
93899
98098
93057
94537
99918
92653
99243
90346
94645
92333
91998
92044
94283
98963
96244
98970
91582
94127
96260
98157
96822
94232
92456
91331
93709
96258
93378
99414
92362
96474
94210
94157
99103
96770
98311
91600
99298
91710
96985
94480
91128
90275
90331
90998
93895
96971
98940
93873
96002
92793
98462
93449
96055
93369
91748
91174
90459
99083
94404
90583
95616
99670
94996
90934
99919
94298
98071
97042
91559
93189
99256
94047
90799
93747
96032
98329
99058
99031
97836
91705
92337
90231
99327
91096
95925
96265
95506
96995
94080
94402
90031
94878
98281
94565
96328
92413
93494
96969
98248
97743
96266
91172
95642
91719
94651
95304
98403
99104
96501
90291
95724
95773
96318
98508
97267
96906
90861
94448
90097
94257
93705
91333
90928
93636
91100
91546
93767
97772
91634
97914
99735
97206
96569
98035
99112
91209
94464
94906
99198
95165
90949
91826
96472
96517
91038
90186
91061
94669
98095
93067
94036
97048
94097
93527
94625
93434
94949
92888
95149
97684
96778
96754
99610
93274
96223
92525
95159
90264
94103
92322
98744
90175
91801
91745
99088
94624
92178
95959
92592
90608
92977
94036
90951
93468
92681
97357
97177
91482
92216
96617
95952
94797
94920
94246
90395
97076
96017
96522
99276
93988
93912
98791
92624
90449
90312
97563
91907
94507
93069
93925
93755
94858
95571
99688
91661
95884
90564
98931
91298
97169
95826
96644
90089
94744
93285
91238
95344
91609
99700
99033
96101
90303
93835
99001
94839
93820
97707
91502
99269
91141
95954
94843
96954
97953
92415
90134
95493
90696
92551
93239
98514
96053
94938
93986
94682
93988
97835
99916
90128
97534
96249
95123
98787
98591
90721
93980
96971
91816
92633
96067
93569
93221
90372
96470
90688
98192
96115
92590
95852
92648
93958
96725
94160
92641
99269
96815
97558
92510
97221
90006
90501
95139
98025
92528
96577
94765
94877
97165
90530
98010
92208
94458
93751
95969
94386
98723
96832
90223
92266
91151
98629
96706
90182
94458
96486
94023
96114
98315
93805
92632
93521
93727
93380
93341
92068
94000
95632
90665
91619
93455
99901
92621
90415
98485
93168
96423
96315
92130
97483
92370
93814
97362
96180
92273
93934
95049
96598
91615
97464
94998
98345
91920
98517
93377
93021
92632
98223
92075
98318
94149
93652
97525
95884
94666
98078
90044
92110
95940
92361
91413
90134
96305
93120
94845
97845
98489
95834
94622
90584
93439
97678
99381
90675
90138
93239
97456
91542
98656
98562
96546
91005
99529
94214
94016
96209
97795
97073
99157
92677
98296
92633
97829
93279
90193
98142
99944
97421
92444
91864
98919
99554
95805
90885
92255
94187
90420
92982
96907
95522
97002
94682
94989
99326
97225
98703
90994
91993
96088
99501
97301
95498
99796
99906
94721
99417
91255
99844
97231
96229
90364
94575
92845
92887
94392
96458
91379
92013
98248
93632
94855
99353
95758
98625
97380
99877
99745
94887
95569
92133
90319
96987
90404
93166
90064
99961
95246
95499
99766
98759
90258
96076
99651
98659
99334
99632
94621
93737
95902
92107
97409
98648
98668
98962
92990
93952
94546
91851
99012
96510
92969
92922
99870
94161
95724
94334
98770
98099
93177
98144
96800
92335
99588
91868
97557
97723
99328
90710
90164
93644
98558
97241
96188
96770
97139
96045
93229
93298
93772
90832
98570
96540
96037
91418
96815
98788
95463
94481
96197
95924
92418
98621
95058
99174
92605
98506
93432
95954
97895
99120
90246
98559
98888
94488
96634
97597
93781
99110
93559
92705
92389
93917
94295
93589
97875
91714
98294
94255
97030
94046
93620
96463
98658
93375
92515
93455
99796
98539
98024
90917
92470
91676
95400
98034
90378
92467
97732
96870
92067
99188
92345
96270
90650
91023
94342
97281
91335
99155
96458
92680
94734
90649
99372
96493
93141
94531
92735
90823
94833
96657
99382
99212
92717
91519
91801
97224
95079
99847
98855
99065
90899
93330
95150
98640
92243
98640
94497
95271
97044
97819
97724
93427
96095
99622
90757
93649
90482
94527
97880
90649
94312
94837
97938
95944
98171
93137
90157
97520
94829
94469
92288
98870
94391
98479
95143
97006
92620
92575
96456
93459
91745
92990
91280
91358
99046
96326
92512
96085
91061
90092
91527
94115
97913
92543
99878
97816
93582
92246
92437
98521
99228
98715
99479
91988
92235
91667
91757
97735
99107
97489
91443
91745
91187
94375
95939
90457
90239
94583
97680
93181
94727
99115
95633
98173
94763
94585
94995
99006
91318
92551
95188
96786
98586
98655
96883
95256
98815
94924
92218
90772
92203
97571
98142
94644
94739
99496
94825
94670
94527
98676
94307
98264
94805
96933
91917
99112
93491
92555
91686
90471
92311
90729
93892
91047
90569
94984
92960
96149
90720
96527
98600
99730
97076
98171
90382
96116
95179
94425
97288
90423
92807
91725
90810
97545
91013
95564
96025
96498
98254
93490
99103
95090
90970
92540
97499
98232
90227
98497
90199
90340
97309
98919
96995
96095
90558
98956
98197
90968
99874
95245
98520
92901
91677
96071
91274
98214
90046
93006
92077
90644
90327
91567
91669
96941
93242
98674
94518
98747
95200
96272
92493
93558
96230
95235
92665
97951
99538
98531
95121
92152
97689
91315
91378
92613
90697
94192
98876
91576
98378
93898
90637
90567
92352
94247
97474
93291
99615
97943
93450
94840
93662
98857
90242
90632
92827
94575
93012
93009
91906
94401
95973
96112
92454
92149
92104
99350
90693
92533
99298
96276
96475
97420
99356
96207
91801
93900
92675
98848
95282
94177
90201
93077
96579
97969
95972
97248
92308
98006
90534
91469
95892
97732
95529
92661
91563
93959
91661
96104
97443
98466
90206
96965
98078
91639
96311
97408
97117
92578
95110
97659
99979
96568
97171
99749
99674
97334
90449
94961
99487
95381
93854
91853
98575
94089
92345
98058
98420
99686
91707
