1 2401200
2 1806600
3 1477700
4 1108900
5 1071100
6 1074401
7 1072800
8 1051200
9 1175900
10 1199400
11 1215200
12 1206999
13 1209700
14 1344500
15 1228600
16 708699
17 725700
18 669800
19 674800
20 676301
21 669200
22 693300
23 661000
24 667500
25 657400
26 665900
27 673300
28 660400
29 652201
30 655101
31 658900
32 663800
33 2140099
34 668599
35 535100
36 536099
37 533901
38 544101
39 620400
40 560300
41 538201
42 533900
43 534800
44 535200
45 541499
46 519099
47 532799
48 523000
49 543500
50 602100
51 605100
52 530099
53 606199
54 525900
55 527100
56 539800
57 516000
58 515300
59 515000
60 515200
61 594800
62 530999
63 519300
64 513801
65 517200
66 518500
67 516199
68 513200
69 513400
70 637900
71 639801
72 652300
73 644200
74 638100
75 662000
76 661899
77 656299
78 660801
79 660900
80 636099
81 648599
82 652099
83 634000
84 646900
85 635400
86 638200
87 635700
88 637100
89 638901
90 633400
91 632799
92 638500
93 524200
94 522700
95 519400
96 526000
97 520600
98 519900
99 522501
100 521101
101 520199
102 520601
103 520800
104 518900
105 519800
106 520900
107 520000
108 521300
109 521800
110 520199
111 520800
112 519000
113 519499
114 519800
115 519601
116 527400
117 502600
118 505400
119 611200
120 629501
121 503401
122 612400
123 503400
124 505100
125 500900
126 503800
127 505101
128 537799
129 598401
130 646500
131 643700
132 513000
133 514700
134 514500
135 514000
136 514300
137 514700
138 515600
139 515599
140 515701
141 515699
142 516499
143 527800
144 516600
145 512000
146 514400
147 524199
148 503600
149 503499
150 596701
151 728699
152 625601
153 642800
154 632399
155 633000
156 635800
157 643399
158 648201
159 859000
160 651200
161 641100
162 637799
163 640499
164 637300
165 632101
166 634199
167 638100
168 639001
169 637900
170 637600
171 638900
172 635800
173 632400
174 636700
175 644100
176 637100
177 651999
178 665900
179 676101
180 649401
181 649199
182 642801
183 656900
184 669800
185 642200
186 632500
187 637900
188 637401
189 639699
190 637400
191 644000
192 640600
193 639400
194 634600
195 634600
196 636300
197 639500
198 652101
199 645300
200 642200
201 649601
202 648100
203 663000
204 652600
205 647000
206 647700
207 634201
208 770901
209 658400
210 617099
211 621200
212 621200
213 620399
214 618200
215 616400
216 672700
217 671199
218 656200
219 742600
220 650000
221 653199
222 644200
223 640999
224 788600
225 666800
226 693899
227 624301
228 637899
229 649200
230 627499
231 718100
232 829099
233 820800
234 636200
235 645400
236 620000
237 622899
238 620400
239 786800
240 649201
241 635500
242 641800
243 650300
244 640900
245 638900
246 654200
247 644800
248 671399
249 654000
250 644600
251 634800
252 632600
253 644700
254 635101
255 634200
256 753800
257 639699
258 632900
259 632799
260 637099
261 649099
262 635000
263 640700
264 648199
265 637300
266 632999
267 659901
268 661000
269 667500
270 650499
271 658900
272 635899
273 653600
274 659500
275 641901
276 633800
277 635600
278 633799
279 634500
280 639400
281 637201
282 637100
283 632899
284 631700
285 634999
286 637401
287 643800
288 664000
289 633201
290 655700
291 631500
292 630999
293 637699
294 641000
295 630300
296 835100
297 522000
298 523099
299 523400
300 520200
301 520800
302 522600
303 521901
304 521700
305 521101
306 520400
307 520499
308 518599
309 519601
310 518601
311 518800
312 519000
313 521600
314 503001
315 650201
316 569900
317 529700
318 501500
319 503900
320 503200
321 531200
322 501799
323 503201
324 511699
325 500500
326 574700
327 628801
328 558100
329 524100
330 511599
331 516600
332 517200
333 514300
334 514800
335 513401
336 515599
337 514300
338 544000
339 516400
340 513700
341 516000
342 514201
343 512300
344 519399
345 512800
346 514299
347 516300
348 559900
349 647599
350 515799
351 513700
352 517699
353 513801
354 512201
355 514201
356 515400
357 513899
358 512200
359 514900
360 517000
361 512200
362 514800
363 511900
364 513801
365 515100
366 512900
367 513100
368 513600
369 514200
370 515699
371 513800
372 514400
373 516100
374 524401
375 514900
376 515400
377 514100
378 519999
379 502399
380 502201
381 504800
382 530400
383 593200
384 596799
385 591700
386 501900
387 532601
388 505000
389 503600
390 503100
391 500600
392 502700
393 503700
394 564700
395 607400
396 500399
397 544300
398 634900
399 502301
400 500001
401 503800
402 504600
403 563100
404 501600
405 614900
406 632000
407 557200
408 502000
409 502701
410 520000
411 513600
412 512200
413 515300
414 515900
415 513700
416 513301
417 513799
418 511700
419 513300
420 512200
421 524800
422 515601
423 513399
424 514700
425 513300
426 512601
427 515700
428 671900
429 658801
430 538700
431 504600
432 504500
433 500800
434 506500
435 502600
436 501200
437 503300
438 501399
439 564100
440 613299
441 532500
442 504099
443 512400
444 514799
445 514901
446 512300
447 513601
448 514001
449 512599
450 514600
451 534300
452 512699
453 513400
454 511700
455 513499
456 514200
457 513700
458 511200
459 512701
460 536799
461 631799
462 514700
463 516500
464 516400
465 513500
466 514400
467 514200
468 513699
469 513501
470 526300
471 514800
472 515000
473 515901
474 512099
475 521500
476 515700
477 511600
478 512600
479 512901
480 516099
481 513200
482 511901
483 512799
484 513599
485 517000
486 516500
487 513500
488 516900
489 513400
490 513600
491 514200
492 522401
493 2072899
494 530300
495 503700
496 503300
497 503201
498 500300
499 502501
500 502901
501 502700
502 501500
503 500601
504 503000
505 521401
506 610700
507 514200
508 510599
509 516500
510 513700
511 513100
512 516700
513 516101
514 515400
515 514999
516 511500
517 530400
518 519099
519 512499
520 514699
521 513800
522 513699
523 512700
524 512200
525 514300
526 513999
527 514600
528 514699
529 527600
530 515100
531 513000
532 512600
533 513200
534 514400
535 514300
536 511600
537 514899
538 514400
539 511999
540 514900
541 515200
542 516400
543 515100
544 513000
545 513000
546 514000
547 515601
548 512800
549 512100
550 517101
551 516100
552 514300
553 511701
554 513200
555 514700
556 513301
557 513299
558 512400
559 515400
560 514299
561 513801
562 512900
563 535400
564 520301
565 513700
566 513799
567 526201
568 512499
569 514100
570 515699
571 513601
572 515600
573 501800
574 545801
575 654801
576 543900
577 500700
578 558801
579 501701
580 503500
581 502700
582 502199
583 503899
584 502999
585 502600
586 565300
587 502000
588 506100
589 525500
590 513000
591 514500
592 513900
593 514700
594 511600
595 514100
596 515400
597 517000
598 517599
599 512700
600 514200
601 514200
602 511901
603 513400
604 513699
605 526500
606 501501
607 500501
608 537799
609 569400
610 518500
611 555300
612 527701
613 529500
614 503001
615 501800
616 513800
617 502600
618 502399
619 500001
620 634901
621 560600
622 528600
623 514399
624 513200
625 516800
626 516500
627 512700
628 511801
629 511999
630 515300
631 513200
632 512301
633 513200
634 512399
635 515701
636 514701
637 512001
638 515601
639 512401
640 517001
641 516401
642 517101
643 517100
644 541200
645 523399
646 569900
647 514500
648 511300
649 513400
650 513400
651 515100
652 513999
653 511700
654 515000
655 519400
656 519200
657 513200
658 511800
659 514400
660 512701
661 512100
662 513500
663 514000
664 515900
665 512799
666 520100
667 516000
668 513900
669 513000
670 511800
671 516000
672 514500
673 509900
674 512301
675 512900
676 515201
677 511701
678 515500
679 514100
680 514501
681 515799
682 511499
683 510800
684 512700
685 516100
686 514100
687 514300
688 516699
689 515299
690 512700
691 640499
692 632600
693 637099
694 635699
695 632099
696 635300
697 634301
698 647800
699 646301
700 638600
701 648099
702 652400
703 643599
704 647600
705 667301
706 642501
707 649000
708 640600
709 637900
710 635600
711 635600
712 619200
713 738501
714 623700
715 619799
716 617700
717 617400
718 620800
719 637300
720 632201
721 740600
722 808801
723 658500
724 658800
725 660700
726 658101
727 641200
728 644000
729 665900
730 642700
731 632700
732 632201
733 635600
734 633799
735 635000
736 635201
737 637500
738 637900
739 633401
740 637900
741 632500
742 630500
743 641400
744 668699
745 658300
746 654600
747 657000
748 643800
749 643000
750 650101
751 658700
752 642000
753 632700
754 666900
755 638199
756 636100
757 635300
758 633300
759 514200
760 513200
761 515900
762 511500
763 512800
764 518200
765 514800
766 513900
767 511100
768 513000
769 514100
770 512900
771 513600
772 514301
773 515199
774 514000
775 514200
776 515901
777 514100
778 515000
779 513300
780 515000
781 514400
782 513701
783 511300
784 511300
785 513800
786 525699
787 517800
788 513800
789 511500
790 515900
791 512701
792 515899
793 505501
794 500499
795 501901
796 501999
797 502000
798 641400
799 500700
800 498000
801 503600
802 500301
803 503299
804 498000
805 500600
806 503600
807 501899
808 500500
809 500301
810 704999
811 554300
812 501300
813 560199
814 502500
815 500800
816 503999
817 500700
818 614800
819 541900
820 502600
821 687000
822 582700
823 572200
824 501899
825 626101
826 500600
827 504601
828 500800
829 502199
830 501399
831 502000
832 665900
833 632200
834 504500
835 516099
836 501101
837 500900
838 502299
839 501600
840 518001
841 513599
842 513100
843 520600
844 515600
845 516300
846 513501
847 512900
848 514900
849 511000
850 514900
851 511601
852 514900
853 514600
854 513700
855 522999
856 513600
857 513100
858 513500
859 513000
860 514700
861 514500
862 511400
863 512600
864 512699
865 515499
866 515101
867 516000
868 513899
869 512100
870 514400
871 512100
872 513200
873 514900
874 518099
875 503000
876 500000
877 502499
878 594999
879 501600
880 501300
881 502700
882 502000
883 502199
884 501600
885 511799
886 500899
887 503299
888 502299
889 499999
890 669901
891 501700
892 530899
893 502001
894 501301
895 504900
896 502600
897 503099
898 504000
899 503099
900 499999
901 560400
902 640800
903 564600
904 501400
905 531200
906 501600
907 501500
908 503800
909 501100
910 505500
911 503500
912 503300
913 734000
914 519999
915 501700
916 503201
917 499900
918 499801
919 500999
920 503099
921 505700
922 501199
923 502801
924 516100
925 518200
926 514800
927 512899
928 512400
929 1927100
930 518700
931 520201
932 518399
933 518601
934 519100
935 510900
936 513000
937 513499
938 514300
939 516000
940 512900
941 515500
942 512100
943 514000
944 512100
945 522500
946 514599
947 513000
948 512601
949 512700
950 514401
951 514499
952 510400
953 512400
954 527200
955 505100
956 561000
957 629200
958 830400
959 504700
960 503301
961 501500
962 503301
963 504599
964 501999
965 502699
966 499200
967 563200
968 596701
969 500400
970 515400
971 513400
972 512599
973 511700
974 514100
975 513100
976 514900
977 512000
978 511499
979 517601
980 523399
981 511700
982 523800
983 511600
984 518000
985 515100
986 512100
987 517900
988 501300
989 502901
990 610800
991 501399
992 504400
993 500301
994 594400
995 503600
996 505200
997 502999
998 500000
999 500100
1000 502199
