1 1494301
2 540800
3 533001
4 536799
5 536399
6 532799
7 537200
8 539200
9 543500
10 536801
11 537301
12 536900
13 536700
14 533600
15 538401
16 567901
17 537400
18 534000
19 535401
20 535301
21 532901
22 533900
23 536299
24 553300
25 538701
26 535799
27 535900
28 533699
29 535699
30 535200
31 531200
32 532100
33 534100
34 533000
35 535000
36 534701
37 535300
38 542100
39 533400
40 535100
41 534900
42 534301
43 533001
44 537100
45 534799
46 531699
47 533800
48 535000
49 532200
50 534799
51 532600
52 530300
53 531201
54 533801
55 532300
56 533000
57 536299
58 539000
59 536401
60 532900
61 539500
62 534200
63 532900
64 535800
65 534900
66 531000
67 532100
68 534699
69 532600
70 533400
71 533900
72 539000
73 533700
74 534800
75 539300
76 563000
77 541000
78 534900
79 549199
80 533000
81 536900
82 536200
83 534301
84 533899
85 534100
86 536000
87 533300
88 536700
89 535100
90 531400
91 604499
92 534600
93 535201
94 533599
95 533600
96 533500
97 534399
98 534400
99 542001
100 601400
101 534000
102 532399
103 535300
104 531999
105 534300
106 533001
107 535100
108 531600
109 533600
110 532400
111 532300
112 532100
113 533300
114 634101
115 533300
116 534100
117 535500
118 532501
119 534501
120 534800
121 607300
122 532901
123 598401
124 533200
125 531900
126 533601
127 533700
128 594300
129 535000
130 543001
131 532701
132 602300
133 534000
134 530400
135 578200
136 591400
137 536300
138 535100
139 533001
140 532700
141 536201
142 533700
143 631899
144 645300
145 544300
146 535500
147 536400
148 534600
149 533200
150 532600
151 533900
152 532000
153 602500
154 534100
155 535300
156 535200
157 533600
158 532500
159 533000
160 533999
161 544201
162 534100
163 535901
164 593500
165 535299
166 536000
167 569500
168 553300
169 534900
170 533500
171 533400
172 532000
173 521000
174 624799
175 623400
176 523100
177 520600
178 523500
179 520700
180 519400
181 521199
182 523401
183 746300
184 570701
185 533601
186 532200
187 536700
188 544801
189 533599
190 531400
191 532901
192 598900
193 613500
194 552999
195 531701
196 533300
197 535000
198 533800
199 532100
200 534601
201 615801
202 596900
203 532500
204 537201
205 546800
206 535399
207 534000
208 534101
209 534000
210 535100
211 533200
212 604100
213 547500
214 534401
215 531201
216 535801
217 544200
218 534700
219 600400
220 535701
221 599701
222 535600
223 594801
224 533901
225 536000
226 533700
227 534599
228 535401
229 543001
230 603200
231 533599
232 532300
233 533200
234 535799
235 532901
236 533500
237 529599
238 533100
239 536400
240 533000
241 654201
242 647900
243 551300
244 592701
245 520900
246 523500
247 521399
248 523500
249 523299
250 521101
251 534601
252 605901
253 641100
254 626900
255 521200
256 521400
257 522901
258 519600
259 522801
260 522399
261 521100
262 720500
263 633500
264 577200
265 544799
266 590500
267 556900
268 521200
269 522101
270 520800
271 521499
272 680399
273 584900
274 576500
275 524700
276 521300
277 520999
278 519200
279 519999
280 520899
281 522800
282 520601
283 586299
284 642701
285 566900
286 538300
287 532101
288 532800
289 533399
290 535100
291 532400
292 533900
293 534400
294 533400
295 535100
296 534599
297 536799
298 534799
299 534601
300 535100
301 533101
302 535699
303 533300
304 529900
305 534600
306 532599
307 532200
308 532999
309 534300
310 531201
311 533800
312 535100
313 532399
314 531900
315 531899
316 535600
317 531101
318 533799
319 533701
320 533800
321 535200
322 533401
323 535000
324 533899
325 534401
326 536300
327 533699
328 533999
329 534000
330 546799
331 521700
332 522001
333 521700
334 651800
335 595899
336 519700
337 575800
338 522800
339 532900
340 522700
341 521199
342 519800
343 554400
344 521700
345 521300
346 549701
347 577999
348 523400
349 522200
350 523201
351 520299
352 522700
353 571901
354 545101
355 520799
356 521901
357 537000
358 535800
359 535000
360 534701
361 532800
362 532300
363 532100
364 531001
365 535601
366 533900
367 532801
368 534500
369 533300
370 534400
371 539601
372 606900
373 573700
374 546800
375 519300
376 521199
377 523701
378 519399
379 518700
380 533099
381 623199
382 764400
383 521399
384 548600
385 534699
386 534600
387 532400
388 533600
389 534800
390 536499
391 536501
392 535799
393 534601
394 532800
395 531001
396 532100
397 533999
398 532599
399 534200
400 535501
401 533400
402 531799
403 533701
404 534200
405 532100
406 533200
407 534700
408 533200
409 535000
410 534700
411 532901
412 532100
413 533999
414 532900
415 533101
416 534000
417 533500
418 535501
419 534800
420 547499
421 530799
422 534100
423 532900
424 532301
425 536800
426 528300
427 519900
428 737800
429 600000
430 520799
431 522400
432 522301
433 520100
434 521500
435 519401
436 519800
437 612900
438 796800
439 799100
440 533600
441 533300
442 533000
443 532600
444 533600
445 531800
446 534899
447 532000
448 532600
449 534099
450 532400
451 534801
452 531501
453 534001
454 532800
455 532001
456 534600
457 535800
458 531200
459 532500
460 543101
461 533300
462 534501
463 533799
464 533501
465 613900
466 653101
467 793301
468 677500
469 540200
470 521700
471 525000
472 521000
473 638099
474 610400
475 518201
476 552699
477 533799
478 533401
479 532101
480 532200
481 532300
482 533499
483 532701
484 533700
485 532400
486 533399
487 533600
488 532600
489 533600
490 533600
491 533101
492 535000
493 530600
494 535800
495 535900
496 533899
497 534400
498 533600
499 533900
500 533700
501 531901
502 532000
503 532501
504 534299
505 535301
506 532100
507 534100
508 533500
509 532601
510 533800
511 534000
512 535100
513 534200
514 536701
515 532700
516 533501
517 532900
518 535100
519 532500
520 531600
521 534699
522 534300
523 533900
524 532300
525 531600
526 533601
527 531100
528 531501
529 532700
530 531600
531 535000
532 534301
533 532000
534 530701
535 536300
536 534500
537 532900
538 532399
539 533600
540 535701
541 531700
542 534800
543 533099
544 532699
545 539200
546 520701
547 521500
548 519900
549 658900
550 534500
551 519700
552 521600
553 520000
554 520501
555 520500
556 519900
557 519301
558 698300
559 534200
560 533801
561 533300
562 530099
563 532900
564 534100
565 531700
566 534000
567 534401
568 533299
569 533300
570 534399
571 535799
572 542299
573 522700
574 522201
575 522100
576 518600
577 673700
578 568700
579 522199
580 518400
581 521500
582 531400
583 520399
584 520800
585 520001
586 544000
587 535601
588 530699
589 533400
590 533299
591 531899
592 532600
593 537000
594 533200
595 533800
596 536100
597 534600
598 532301
599 531900
600 534401
601 531800
602 533301
603 532499
604 532599
605 532700
606 535300
607 533200
608 536299
609 535000
610 534600
611 532299
612 533600
613 534000
614 621501
615 538299
616 534900
617 532700
618 534299
619 535001
620 529600
621 534800
622 533700
623 545101
624 533600
625 533899
626 535700
627 532601
628 533401
629 531900
630 532400
631 532699
632 531300
633 533200
634 535300
635 533700
636 534400
637 532801
638 533899
639 533000
640 535499
641 532700
642 534501
643 532501
644 538500
645 519900
646 519900
647 657999
648 730100
649 602300
650 522301
651 523500
652 521700
653 523600
654 519900
655 521999
656 521901
657 520000
658 653200
659 610799
660 534300
661 533000
662 531800
663 532600
664 531600
665 533600
666 535299
667 532401
668 532699
669 534700
670 534499
671 533100
672 536300
673 534900
674 533299
675 533600
676 530300
677 532700
678 533600
679 533201
680 534600
681 533500
682 530300
683 532300
684 533500
685 535100
686 533401
687 532000
688 533200
689 530600
690 532500
691 531901
692 530799
693 533900
694 531101
695 531101
696 531301
697 534799
698 533800
699 533900
700 530400
701 531300
702 531800
703 530800
704 532001
705 532801
706 533600
707 533300
708 534899
709 521599
710 519499
711 520000
712 549100
713 517700
714 650099
715 577801
716 520099
717 519900
718 531499
719 520600
720 520800
721 522000
722 519600
723 519800
724 573500
725 700699
726 555000
727 548100
728 518299
729 522500
730 522899
731 522700
732 520299
733 520300
734 520700
735 634500
736 657901
737 647800
738 520499
739 548500
740 531999
741 532700
742 532800
743 532300
744 531800
745 534900
746 561699
747 599299
748 532400
749 529201
750 532100
751 532800
752 530800
753 534600
754 533200
755 533099
756 535899
757 535200
758 531800
759 536100
760 532099
761 533500
762 533300
763 531799
764 531599
765 531400
766 545100
767 534700
768 533001
769 533800
770 534300
771 535401
772 534500
773 532200
774 532601
775 533800
776 532300
777 533300
778 532001
779 534600
780 534000
781 535399
782 534000
783 533099
784 530699
785 535400
786 531900
787 552500
788 521800
789 520901
790 521400
791 662100
792 611500
793 560501
794 519300
795 520299
796 522400
797 521100
798 520999
799 522000
800 521600
801 521401
802 645900
803 536700
804 534700
805 532901
806 534200
807 535301
808 532500
809 533300
810 531901
811 532000
812 532200
813 532501
814 550400
815 535400
816 541600
817 552800
818 532001
819 530400
820 533401
821 531300
822 531600
823 534500
824 531500
825 531100
826 532399
827 532601
828 531601
829 532401
830 533999
831 533701
832 531501
833 534100
834 532800
835 578500
836 547300
837 531901
838 568800
839 552901
840 575201
841 520100
842 521300
843 521800
844 519800
845 518099
846 551600
847 573001
848 818701
849 521399
850 586700
851 520099
852 518500
853 520100
854 519100
855 522900
856 521501
857 613699
858 557200
859 553300
860 592900
861 634101
862 589099
863 563700
864 546700
865 519300
866 534100
867 532900
868 537300
869 535501
870 533300
871 532199
872 531200
873 532499
874 530900
875 530600
876 533900
877 534001
878 534500
879 539900
880 535901
881 533100
882 533400
883 532700
884 531799
885 534200
886 534800
887 533999
888 532600
889 533601
890 533900
891 537100
892 532399
893 531400
894 532499
895 534200
896 534100
897 531000
898 535000
899 533400
900 533400
901 533100
902 531701
903 534101
904 533000
905 531701
906 533001
907 530799
908 531899
909 532101
910 530601
911 542600
912 530600
913 532500
914 534600
915 539601
916 522801
917 551300
918 522501
919 584100
920 519399
921 518200
922 518700
923 518900
924 675799
925 615600
926 520999
927 601699
928 549400
929 523100
930 521200
931 520601
932 517900
933 548300
934 519501
935 550700
936 606700
937 521900
938 548400
939 522200
940 520700
941 548701
942 520499
943 519099
944 539500
945 676899
946 599100
947 537100
948 534100
949 535399
950 534300
951 534000
952 534599
953 533400
954 533200
955 533700
956 534999
957 535300
958 543999
959 531501
960 532401
961 533200
962 530701
963 531800
964 533900
965 533400
966 535200
967 534600
968 535501
969 531900
970 581301
971 536900
972 531300
973 532200
974 534000
975 533601
976 535000
977 534100
978 531799
979 537400
980 539800
981 536900
982 537799
983 540300
984 546200
985 546400
986 534200
987 531999
988 533501
989 535800
990 535501
991 537600
992 534200
993 531000
994 532401
995 532099
996 532500
997 531100
998 533001
999 534801
1000 535200
