1 1918600
2 975799
3 944899
4 953299
5 945700
6 953000
7 972101
8 1016600
9 1052300
10 1029200
11 978301
12 951600
13 1003400
14 1096599
15 925301
16 907000
17 992100
18 996700
19 860100
20 627800
21 623000
22 627100
23 635400
24 627500
25 626000
26 624900
27 621500
28 623600
29 622900
30 621600
31 623400
32 622601
33 691701
34 626401
35 625400
36 622100
37 627401
38 624800
39 912200
40 955801
41 953700
42 928101
43 908100
44 903000
45 898200
46 899601
47 899699
48 919999
49 898099
50 914900
51 906601
52 2138600
53 623800
54 624600
55 624100
56 622901
57 622800
58 622000
59 624001
60 620999
61 621900
62 624000
63 708801
64 618200
65 618100
66 619400
67 619100
68 619900
69 617400
70 619600
71 617400
72 622501
73 892500
74 672600
75 620299
76 617700
77 621599
78 619000
79 607800
80 604801
81 707400
82 606099
83 605499
84 603500
85 606600
86 640200
87 935199
88 927900
89 1049000
90 1030000
91 910500
92 902000
93 896200
94 898801
95 895000
96 904000
97 896499
98 899099
99 898000
100 896799
101 893199
102 1091801
103 937200
104 940100
105 936900
106 1003000
107 888200
108 905900
109 1037201
110 877500
111 909000
112 878000
113 876001
114 892900
115 950801
116 885301
117 895599
118 920200
119 923100
120 953400
121 1057100
122 1390900
123 1090200
124 958000
125 877599
126 877000
127 1073600
128 1050600
129 880499
130 878399
131 884300
132 904501
133 1170300
134 1239700
135 962300
136 933901
137 912999
138 903799
139 896101
140 909200
141 898400
142 896400
143 899600
144 901699
145 917100
146 936300
147 951401
148 962600
149 947701
150 919599
151 910000
152 902000
153 901100
154 898900
155 899301
156 897400
157 900800
158 909400
159 903400
160 944300
161 974499
162 933000
163 1100301
164 887301
165 879100
166 877300
167 887600
168 873801
169 1094800
170 897900
171 898800
172 923800
173 908900
174 897400
175 946101
176 901600
177 904301
178 901100
179 904401
180 898700
181 917300
182 2222399
183 624301
184 621300
185 622100
186 621500
187 620700
188 621199
189 621600
190 627199
191 619901
192 624201
193 622301
194 621900
195 619400
196 620801
197 633000
198 622901
199 623099
200 620500
201 620100
202 619400
203 621300
204 622699
205 615900
206 619401
207 619800
208 623199
209 617799
210 622501
211 622699
212 618000
213 619400
214 888800
215 622900
216 612200
217 832400
218 649000
219 607500
220 605600
221 607200
222 605700
223 604501
224 606900
225 602000
226 712601
227 749200
228 637600
229 628000
230 617100
231 624699
232 620400
233 620500
234 627199
235 623599
236 621701
237 620501
238 618500
239 635100
240 620001
241 619399
242 620700
243 624900
244 603499
245 687901
246 736000
247 667199
248 605599
249 606500
250 607301
251 603401
252 607900
253 609600
254 603700
255 714000
256 698701
257 621599
258 624100
259 619599
260 621200
261 622901
262 620601
263 619800
264 620800
265 628600
266 618200
267 621700
268 620000
269 618200
270 630200
271 606199
272 608700
273 604500
274 723099
275 710699
276 628200
277 662400
278 633601
279 607299
280 617100
281 607299
282 602900
283 631600
284 731700
285 618900
286 623801
287 620500
288 618100
289 620300
290 618900
291 620600
292 616800
293 620801
294 651901
295 616800
296 620000
297 619200
298 622200
299 617901
300 628800
301 619901
302 2194400
303 623200
304 627199
305 623400
306 625000
307 622601
308 622100
309 621300
310 698801
311 627200
312 623900
313 633200
314 618400
315 622500
316 620801
317 619599
318 621400
319 637100
320 625399
321 620401
322 618200
323 713301
324 620000
325 620601
326 623000
327 630999
328 621601
329 683899
330 620901
331 629500
332 623701
333 620401
334 622799
335 691100
336 621999
337 629700
338 604900
339 734500
340 717299
341 648900
342 665299
343 607299
344 611600
345 604900
346 611200
347 608100
348 769600
349 702801
350 608000
351 609100
352 672800
353 606800
354 620200
355 608899
356 604400
357 715700
358 747000
359 664200
360 630500
361 608199
362 639800
363 608100
364 606099
365 608501
366 609300
367 689700
368 675899
369 606900
370 608200
371 607400
372 607800
373 615300
374 607901
375 607700
376 833100
377 643000
378 621400
379 617100
380 618800
381 633399
382 620999
383 618701
384 636900
385 692700
386 624700
387 671900
388 638500
389 672500
390 634700
391 637499
392 610800
393 606700
394 607301
395 736700
396 714699
397 609900
398 606201
399 608400
400 607200
401 618700
402 607500
403 606100
404 607400
405 706000
406 623301
407 623400
408 621800
409 619600
410 623900
411 621600
412 622100
413 621400
414 622100
415 624000
416 620999
417 620800
418 623800
419 619900
420 619700
421 621800
422 622500
423 2535400
424 962200
425 960200
426 895300
427 896600
428 1019600
429 969600
430 976899
431 883700
432 883500
433 883201
434 1041500
435 1544501
436 1127101
437 963100
438 944100
439 1017200
440 900200
441 932300
442 901501
443 898200
444 900400
445 896101
446 1062100
447 931300
448 932700
449 925601
450 936400
451 1070399
452 939600
453 940700
454 897001
455 910700
456 896900
457 964200
458 963799
459 917100
460 902000
461 912800
462 912401
463 912600
464 1110300
465 820501
466 665700
467 604700
468 608600
469 605899
470 605000
471 606100
472 763400
473 759799
474 618501
475 695200
476 631600
477 618999
478 619899
479 619300
480 620599
481 682499
482 617200
483 687799
484 620600
485 616599
486 619100
487 625001
488 605100
489 605100
490 675600
491 680899
492 723600
493 604000
494 678200
495 604800
496 604100
497 618601
498 604300
499 603499
500 605401
501 641401
502 669699
503 603800
504 643601
505 603800
506 604900
507 604900
508 606700
509 603699
510 691700
511 757700
512 622501
513 610301
514 621600
515 620600
516 621800
517 622000
518 626200
519 618200
520 690500
521 621600
522 617099
523 724801
524 619100
525 617901
526 617900
527 618500
528 630199
529 722500
530 671300
531 808800
532 605000
533 602300
534 604500
535 604100
536 603800
537 603599
538 613999
539 790000
540 734899
541 602900
542 719200
543 617400
544 618501
545 627600
546 617899
547 617300
548 681500
549 690900
550 681700
551 619100
552 619000
553 619500
554 617500
555 619499
556 616300
557 617900
558 693200
559 685400
560 619999
561 688399
562 619401
563 621100
564 619001
565 619101
566 619200
567 681400
568 620501
569 688300
570 630900
571 624401
572 619699
573 618801
574 620400
575 758299
576 618099
577 630200
578 619001
579 618100
580 619100
581 619600
582 619001
583 617700
584 691700
585 624201
586 618400
587 643100
588 671100
589 617699
590 617601
591 618900
592 620700
593 618400
594 682200
595 708299
596 621600
597 619800
598 626900
599 617900
600 619400
601 617300
602 617200
603 620400
604 701600
605 627200
606 618100
607 670000
608 617801
609 618700
610 618799
611 618799
612 626600
613 683299
614 658601
615 682100
616 618899
617 617501
618 630900
619 618100
620 618400
621 618101
622 616999
623 838800
624 933199
625 630900
626 673400
627 605500
628 602601
629 606400
630 603199
631 602900
632 703901
633 706000
634 663700
635 681000
636 626600
637 621600
638 618699
639 628499
640 620700
641 688100
642 630699
643 689200
644 617501
645 617900
646 615499
647 617300
648 619400
649 618001
650 618300
651 689401
652 617300
653 629300
654 702000
655 619099
656 618001
657 615500
658 617200
659 629101
660 618200
661 622599
662 682000
663 618600
664 618200
665 616800
666 618900
667 630700
668 616600
669 622501
670 685399
671 621900
672 618601
673 640200
674 674300
675 616601
676 617800
677 631400
678 603599
679 604501
680 779900
681 678100
682 605499
683 604700
684 603200
685 604700
686 603999
687 605201
688 604700
689 602701
690 788599
691 674600
692 617300
693 618500
694 619000
695 628600
696 681400
697 617900
698 620601
699 678699
700 616700
701 618599
702 643300
703 683400
704 615700
705 626599
706 606099
707 603601
708 603500
709 781900
710 698800
711 605600
712 602000
713 603599
714 604600
715 661500
716 2263800
717 636300
718 619901
719 659101
720 683801
721 616400
722 619499
723 617999
724 616899
725 616500
726 683001
727 686500
728 616300
729 618400
730 619101
731 616800
732 619400
733 618799
734 628000
735 685900
736 699200
737 618599
738 619100
739 616400
740 628800
741 618500
742 617100
743 617400
744 617801
745 794000
746 775100
747 688800
748 677400
749 604201
750 607099
751 603501
752 604301
753 604201
754 685899
755 651001
756 677799
757 604299
758 624500
759 619899
760 618500
761 627099
762 618901
763 676800
764 663399
765 617200
766 619399
767 696800
768 620200
769 617300
770 619701
771 619700
772 620500
773 605399
774 771299
775 700699
776 653000
777 628300
778 605699
779 601700
780 603800
781 614900
782 605199
783 752399
784 739899
785 926599
786 723599
787 618300
788 630300
789 614800
790 618701
791 618799
792 683499
793 654500
794 623900
795 620200
796 620000
797 618400
798 621300
799 617300
800 601900
801 603100
802 826700
803 738500
804 723300
805 670299
806 606499
807 605901
808 603600
809 605500
810 709500
811 910500
812 647900
813 616200
814 692800
815 631600
816 618799
817 616400
818 620399
819 618700
820 682901
821 623200
822 633299
823 618500
824 616999
825 617400
826 621100
827 617000
828 618100
829 628401
830 622401
831 619100
832 621700
833 697500
834 622700
835 618100
836 622900
837 619900
838 617601
839 692500
840 619501
841 694401
842 618800
843 617200
844 618501
845 616700
846 617000
847 618900
848 618801
849 686000
850 616900
851 617300
852 619499
853 624900
854 604500
855 605800
856 602900
857 614300
858 604699
859 751599
860 661600
861 603499
862 616801
863 611101
864 606999
865 625400
866 689700
867 701500
868 633701
869 618500
870 617500
871 619100
872 620599
873 616800
874 619499
875 722800
876 623699
877 617500
878 707000
879 673700
880 619900
881 618500
882 629500
883 620100
884 622100
885 679101
886 694800
887 621801
888 615400
889 614099
890 619999
891 617900
892 617700
893 618700
894 620000
895 691999
896 632400
897 617100
898 699200
899 618999
900 620800
901 618800
902 617599
903 617800
904 682500
905 618101
906 685901
907 618800
908 679001
909 616900
910 629199
911 619300
912 617400
913 670300
914 687600
915 623100
916 619899
917 618400
918 618200
919 618399
920 627900
921 602500
922 632200
923 604501
924 774701
925 680400
926 624800
927 679999
928 603700
929 602300
930 604800
931 605100
932 603700
933 763600
934 626099
935 621601
936 618000
937 629399
938 677500
939 616300
940 620300
941 618200
942 619200
943 621500
944 618100
945 618300
946 707300
947 617401
948 619500
949 603500
950 603100
951 617801
952 751400
953 603301
954 731299
955 603300
956 606900
957 603299
958 602999
959 604700
960 603600
961 602900
962 797500
963 683899
964 605301
965 641400
966 607100
967 604200
968 605001
969 602400
970 606500
971 604600
972 748299
973 674901
974 605999
975 659900
976 602800
977 604901
978 606700
979 613500
980 606800
981 774900
982 996500
983 609600
984 603900
985 615101
986 605099
987 665801
988 603500
989 626600
990 690900
991 623100
992 660600
993 653900
994 671600
995 617101
996 618699
997 618501
998 619299
999 618900
1000 688399
