1 703500
2 487200
3 377900
4 96900
5 101200
6 95300
7 96600
8 95400
9 95200
10 93900
11 93100
12 93300
13 93500
14 93200
15 134100
16 119500
17 114300
18 107100
19 105300
20 116100
21 115200
22 126900
23 116700
24 119900
25 138600
26 114900
27 106300
28 76000
29 62600
30 64100
31 74900
32 63300
33 85100
34 76100
35 70700
36 63000
37 76500
38 78400
39 62600
40 67800
41 76400
42 91900
43 63900
44 63000
45 60800
46 83800
47 73500
48 75500
49 73700
50 72500
51 84900
52 60800
53 72700
54 71400
55 81700
56 62600
57 61900
58 65700
59 83400
60 73400
61 83600
62 72100
63 73300
64 87200
65 62200
66 59100
67 71600
68 72100
69 75600
70 70700
71 61300
72 90600
73 72900
74 84600
75 73500
76 76800
77 77600
78 68800
79 70900
80 58700
81 81200
82 60500
83 70100
84 61500
85 91300
86 61400
87 84100
88 75700
89 60100
90 87100
91 70600
92 71800
93 60900
94 75500
95 71600
96 76100
97 60000
98 89300
99 59300
100 75200
101 74400
102 70300
103 69300
104 73800
105 96400
106 77200
107 79000
108 65900
109 80500
110 55800
111 83900
112 68900
113 67600
114 67200
115 67000
116 75500
117 70100
118 77700
119 67300
120 85400
121 55900
122 77200
123 68100
124 68700
125 66800
126 66700
127 76500
128 71000
129 79100
130 68900
131 86000
132 56000
133 77600
134 70000
135 69900
136 70900
137 66800
138 83700
139 68700
140 79600
141 67000
142 90800
143 56000
144 77600
145 194600
146 79200
147 91500
148 71500
149 89600
150 67800
151 81800
152 71500
153 89500
154 72300
155 82200
156 72500
157 71500
158 98300
159 70400
160 88200
161 69500
162 81800
163 69500
164 92200
165 70600
166 77600
167 70700
168 69200
169 86400
170 71000
171 86500
172 68500
173 83100
174 67200
175 89600
176 70100
177 79800
178 68600
179 74700
180 86000
181 70600
182 87600
183 68100
184 77500
185 68100
186 87500
187 71500
188 86100
189 69100
190 72300
191 83500
192 78100
193 89900
194 67100
195 82200
196 67600
197 88800
198 71500
199 79700
200 68700
201 68500
202 83300
203 68300
204 85800
205 66200
206 78800
207 68400
208 86600
209 70300
210 77000
211 71000
212 69400
213 43900
214 37000
215 37100
216 36100
217 937000
218 42000
219 41400
220 39100
221 37600
222 37600
223 44900
224 36900
225 36300
226 37200
227 36000
228 36800
229 35300
230 41900
231 39100
232 37300
233 35700
234 38400
235 37500
236 36600
237 35400
238 34000
239 34300
240 34400
241 35800
242 34300
243 34600
244 36900
245 34800
246 34300
247 33000
248 32100
249 31900
250 40000
251 38900
252 38800
253 37800
254 36300
255 27900
256 28000
257 28000
258 28500
259 27500
260 27400
261 27300
262 27400
263 26500
264 28000
265 26700
266 26200
267 26500
268 26300
269 26500
270 26300
271 26900
272 26900
273 26600
274 26400
275 27100
276 25700
277 26000
278 26200
279 26400
280 26200
281 27500
282 26400
283 26100
284 25600
285 25600
286 25500
287 25900
288 26000
289 27000
290 27000
291 26400
292 27000
293 32700
294 27500
295 27800
296 27600
297 27400
298 27200
299 28300
300 29300
301 27000
302 26500
303 26200
304 26200
305 27200
306 31200
307 26700
308 26600
309 26100
310 26300
311 25800
312 29000
313 25700
314 25800
315 26000
316 26200
317 25700
318 25800
319 25500
320 25400
321 25600
322 25800
323 25700
324 25800
325 26200
326 26100
327 26200
328 25700
329 25200
330 25300
331 25600
332 25700
333 25800
334 25900
335 26100
336 26400
337 31100
338 25700
339 25800
340 26300
341 26200
342 26500
343 27000
344 27300
345 26000
346 25900
347 25700
348 25900
349 25800
350 26300
351 26300
352 26100
353 25800
354 25600
355 26200
356 25900
357 25500
358 25700
359 25800
360 25400
361 26100
362 26000
363 26000
364 25700
365 26000
366 25900
367 26400
368 25800
369 26200
370 26000
371 26300
372 26000
373 25900
374 28000
375 25700
376 25300
377 25400
378 26200
379 26200
380 26400
381 26400
382 25800
383 26200
384 26400
385 26100
386 26400
387 27500
388 26300
389 26800
390 26600
391 26100
392 28800
393 25900
394 25600
395 25700
396 26300
397 25800
398 33700
399 37000
400 34800
401 35200
402 30100
403 29000
404 27900
405 41400
406 27600
407 27300
408 27000
409 27200
410 26500
411 26500
412 26200
413 26300
414 26500
415 28200
416 26100
417 26700
418 27100
419 27600
420 27300
421 26600
422 26400
423 29700
424 26800
425 27300
426 27000
427 26500
428 26700
429 25900
430 26100
431 25600
432 26000
433 25900
434 26200
435 26400
436 26300
437 26200
438 26300
439 26400
440 26300
441 26000
442 26000
443 27000
444 26100
445 29500
446 27800
447 27300
448 27000
449 27100
450 26000
451 27300
452 25700
453 25700
454 26500
455 25900
456 25900
457 26000
458 26700
459 26100
460 28000
461 25900
462 26000
463 25700
464 25800
465 25200
466 25500
467 65400
468 27600
469 26800
470 26400
471 25900
472 25600
473 26000
474 25900
475 28500
476 26500
477 25900
478 34600
479 34000
480 33600
481 34100
482 35100
483 35900
484 38000
485 35500
486 35600
487 34000
488 33900
489 33900
490 33900
491 34000
492 34000
493 34000
494 37400
495 36700
496 36500
497 38600
498 34100
499 34600
500 38800
501 34400
502 33900
503 49800
504 42400
505 40200
506 40800
507 44800
508 43300
509 43300
510 41000
511 40500
512 40300
513 39100
514 37700
515 39700
516 36500
517 35900
518 36000
519 36500
520 37400
521 38000
522 43100
523 39400
524 36700
525 36300
526 37500
527 36100
528 36000
529 34700
530 35100
531 35400
532 35600
533 34800
534 35100
535 35900
536 34500
537 34900
538 34400
539 34000
540 36500
541 34900
542 35000
543 36500
544 35300
545 35200
546 36200
547 35700
548 36400
549 34600
550 34300
551 34800
552 35800
553 34300
554 35200
555 35400
556 36500
557 35800
558 35500
559 35500
560 36200
561 34700
562 34400
563 34800
564 35600
565 34400
566 35300
567 34300
568 36500
569 34400
570 33800
571 34400
572 35600
573 33800
574 34500
575 34300
576 36000
577 35900
578 34800
579 39700
580 40700
581 37800
582 34400
583 34100
584 34100
585 36400
586 36000
587 35400
588 34600
589 35600
590 33600
591 36300
592 38100
593 35000
594 36000
595 35500
596 35100
597 37000
598 35500
599 37300
600 34300
601 38400
602 36100
603 38800
604 34500
605 35000
606 33800
607 34600
608 37100
609 33900
610 35100
611 35500
612 34400
613 35500
614 34600
615 33700
616 35300
617 33500
618 35000
619 35000
620 34000
621 33500
622 34100
623 36000
624 34100
625 35500
626 34600
627 33900
628 34100
629 33800
630 35300
631 34100
632 34500
633 33900
634 34600
635 35400
636 34000
637 34400
638 34100
639 35100
640 34400
641 35100
642 36800
643 34900
644 36500
645 35300
646 36500
647 34500
648 33700
649 33100
650 32900
651 32300
652 30900
653 32000
654 33300
655 31900
656 33000
657 31900
658 31800
659 32100
660 32000
661 32900
662 31500
663 30400
664 29000
665 28500
666 28100
667 27500
668 27100
669 30600
670 26600
671 27700
672 26800
673 27000
674 26800
675 26700
676 26600
677 26400
678 26300
679 27100
680 26700
681 27000
682 27100
683 27200
684 27100
685 26700
686 26400
687 26200
688 26200
689 25900
690 25600
691 25300
692 25500
693 25700
694 26100
695 27500
696 26500
697 26500
698 26300
699 26200
700 26100
701 25900
702 25500
703 25200
704 25500
705 26000
706 26200
707 26500
708 28800
709 26400
710 25900
711 25900
712 26000
713 26200
714 25700
715 49300
716 33600
717 33200
718 29800
719 29000
720 28200
721 27500
722 27000
723 26600
724 26400
725 26400
726 26400
727 26700
728 26500
729 26700
730 26500
731 26400
732 26400
733 26100
734 25900
735 25900
736 25600
737 26000
738 26900
739 26400
740 26500
741 26600
742 26000
743 25800
744 25600
745 26100
746 25900
747 26200
748 26100
749 26500
750 26300
751 26200
752 26500
753 26000
754 25800
755 25900
756 25900
757 25900
758 26000
759 25900
760 26100
761 27100
762 26400
763 26200
764 26000
765 25400
766 26400
767 25500
768 25900
769 25900
770 30100
771 26000
772 26100
773 26400
774 27300
775 27700
776 26300
777 26300
778 25700
779 25800
780 25600
781 26100
782 26100
783 26200
784 26300
785 26400
786 26800
787 25800
788 25900
789 26200
790 25700
791 25700
792 25600
793 25900
794 26200
795 26700
796 26500
797 26000
798 26200
799 25600
800 25700
801 26400
802 26100
803 25800
804 26100
805 25800
806 27800
807 27400
808 26400
809 25500
810 25600
811 25600
812 25500
813 25700
814 26200
815 27600
816 27000
817 27100
818 26600
819 26200
820 26100
821 25800
822 25700
823 26100
824 26000
825 26400
826 26100
827 26000
828 26200
829 26100
830 25700
831 27100
832 25500
833 25500
834 25100
835 25400
836 25400
837 25800
838 26300
839 27800
840 26900
841 26200
842 27100
843 25800
844 25900
845 26100
846 25700
847 26900
848 25900
849 26700
850 26300
851 26400
852 26400
853 26300
854 26800
855 27600
856 26200
857 25800
858 26500
859 25500
860 25600
861 25800
862 26400
863 27300
864 26600
865 26100
866 26100
867 26600
868 25800
869 25900
870 25700
871 31900
872 26600
873 26400
874 26100
875 25900
876 25900
877 25800
878 28000
879 30000
880 27300
881 33400
882 33900
883 35100
884 33600
885 33900
886 35000
887 47600
888 42500
889 40500
890 38900
891 38100
892 37900
893 36600
894 28100
895 27800
896 27100
897 26500
898 27700
899 26600
900 26000
901 25800
902 25700
903 26200
904 25500
905 25800
906 25700
907 25600
908 25500
909 25300
910 25800
911 25200
912 25300
913 25600
914 25500
915 26200
916 25400
917 25300
918 24900
919 25200
920 25200
921 25200
922 25100
923 25500
924 25200
925 25100
926 25100
927 26300
928 25000
929 27000
930 25200
931 24900
932 25000
933 25000
934 25000
935 24600
936 24900
937 25000
938 25200
939 24900
940 24900
941 25000
942 25000
943 25000
944 25900
945 25100
946 25000
947 24900
948 25900
949 25000
950 24700
951 24800
952 24800
953 24900
954 26800
955 24700
956 25600
957 25500
958 24800
959 24800
960 24700
961 25200
962 25100
963 25000
964 24800
965 24800
966 25100
967 24800
968 25000
969 25600
970 25400
971 24900
972 24800
973 24300
974 24700
975 24900
976 24600
977 24600
978 24700
979 24700
980 24500
981 24700
982 24600
983 24500
984 24400
985 24600
986 24500
987 25300
988 24800
989 25000
990 25100
991 25000
992 24900
993 25200
994 25100
995 25100
996 25100
997 25100
998 25100
999 25000
1000 25100
