1 347700
2 94099
3 72101
4 69200
5 77500
6 69300
7 70200
8 72301
9 53001
10 47800
11 48599
12 48200
13 44900
14 50900
15 46700
16 46299
17 46400
18 45999
19 45099
20 45801
21 44399
22 45000
23 43500
24 48400
25 44600
26 44700
27 44900
28 44900
29 44700
30 46300
31 44699
32 45399
33 46700
34 45101
35 47300
36 52500
37 49299
38 39299
39 37900
40 37000
41 37199
42 36800
43 38699
44 38399
45 36500
46 35500
47 35900
48 36500
49 35900
50 35500
51 35801
52 36200
53 36100
54 35699
55 35200
56 36099
57 35699
58 35400
59 35200
60 36799
61 36101
62 35400
63 35100
64 36500
65 35500
66 35101
67 34400
68 37400
69 34300
70 34701
71 34500
72 34101
73 34300
74 34700
75 34200
76 34000
77 33300
78 37501
79 34000
80 33901
81 34300
82 33200
83 33999
84 33500
85 33800
86 34801
87 34100
88 34000
89 36100
90 34999
91 35000
92 34700
93 36000
94 36100
95 35300
96 34601
97 36300
98 35699
99 34901
100 34600
101 35799
102 35999
103 35900
104 34700
105 35599
106 35500
107 34599
108 34200
109 33600
110 34800
111 35200
112 34100
113 34099
114 33300
115 34300
116 33700
117 33799
118 34599
119 35000
120 34400
121 34799
122 34300
123 35000
124 34300
125 34601
126 33600
127 34699
128 35300
129 34700
130 34400
131 34600
132 34699
133 34001
134 36200
135 35699
136 34799
137 35099
138 35600
139 35200
140 34500
141 34599
142 36000
143 36201
144 35600
145 34700
146 36100
147 35300
148 35699
149 36800
150 35299
151 35400
152 53400
153 54000
154 54999
155 61200
156 59499
157 58600
158 57101
159 59200
160 57900
161 57499
162 58100
163 58700
164 58901
165 59000
166 68600
167 59300
168 59000
169 61900
170 38600
171 36700
172 35900
173 35400
174 34900
175 37000
176 37099
177 36800
178 36199
179 37200
180 36800
181 35799
182 36700
183 36500
184 36599
185 38999
186 37099
187 36701
188 35799
189 35600
190 36000
191 36200
192 35601
193 36600
194 36400
195 36200
196 36099
197 36100
198 36000
199 36400
200 35799
201 36200
202 36001
203 35800
204 36100
205 36300
206 36000
207 36001
208 37900
209 35599
210 36000
211 35601
212 36599
213 35800
214 36100
215 35800
216 35899
217 35801
218 36000
219 35600
220 36100
221 36099
222 36099
223 36400
224 36000
225 36001
226 36200
227 36400
228 36101
229 35999
230 35801
231 35900
232 36001
233 35901
234 36200
235 47200
236 41499
237 39099
238 37400
239 37699
240 36300
241 36801
242 36300
243 933600
244 39500
245 37700
246 37700
247 36801
248 36400
249 36400
250 35800
251 36199
252 35900
253 36400
254 35799
255 36100
256 35600
257 36101
258 36500
259 35899
260 35599
261 35700
262 36100
263 35200
264 38100
265 36300
266 35901
267 35300
268 35400
269 35800
270 41500
271 35901
272 35900
273 35500
274 35600
275 35899
276 38200
277 36000
278 35901
279 36000
280 35801
281 35500
282 37500
283 36100
284 35799
285 36499
286 35901
287 36200
288 36799
289 36100
290 42300
291 39699
292 37800
293 39100
294 37100
295 36400
296 36700
297 36300
298 36699
299 35900
300 35800
301 35900
302 36499
303 35799
304 35900
305 35600
306 36000
307 35999
308 35901
309 35900
310 35501
311 35501
312 35699
313 35600
314 35600
315 35500
316 35900
317 35999
318 35599
319 35600
320 35700
321 35801
322 35400
323 35700
324 36100
325 36300
326 35700
327 42299
328 40200
329 38599
330 39000
331 38699
332 38400
333 37900
334 38300
335 37400
336 37999
337 54100
338 38500
339 37800
340 36601
341 36100
342 35701
343 35699
344 36000
345 35699
346 35200
347 36000
348 35900
349 35800
350 35900
351 35100
352 36000
353 35200
354 35000
355 35300
356 35099
357 39599
358 36300
359 36100
360 35699
361 36000
362 35501
363 35299
364 35500
365 35500
366 35400
367 35500
368 35300
369 35501
370 35599
371 35600
372 35600
373 35900
374 35800
375 35900
376 36000
377 35900
378 35500
379 36001
380 35799
381 36600
382 35700
383 36100
384 47700
385 39600
386 38100
387 36601
388 36499
389 36700
390 36101
391 35800
392 35601
393 35500
394 36100
395 36500
396 73499
397 35900
398 36100
399 35100
400 35601
401 35000
402 35201
403 35499
404 35400
405 35701
406 35199
407 35100
408 34899
409 35000
410 35600
411 34701
412 34701
413 35300
414 35400
415 34801
416 36701
417 35600
418 35200
419 36300
420 36101
421 37000
422 35200
423 35900
424 35300
425 34900
426 36600
427 37899
428 35801
429 35600
430 35600
431 36200
432 35700
433 35300
434 36300
435 36000
436 35200
437 35501
438 35300
439 34699
440 34801
441 35300
442 35100
443 35099
444 35601
445 35200
446 34901
447 34799
448 35599
449 35001
450 34899
451 35100
452 34799
453 48601
454 35700
455 35200
456 34600
457 34500
458 34300
459 34201
460 34400
461 35099
462 34799
463 34400
464 34999
465 34700
466 34300
467 34100
468 34700
469 36101
470 34601
471 34899
472 34800
473 34601
474 35400
475 35300
476 35001
477 35000
478 35100
479 34500
480 34700
481 34999
482 35000
483 35400
484 34299
485 35100
486 34800
487 34000
488 35200
489 35000
490 36400
491 35400
492 35199
493 35201
494 34800
495 35300
496 34801
497 34201
498 34699
499 34600
500 34999
501 34900
502 35200
503 34500
504 36300
505 35201
506 34799
507 34300
508 35000
509 34700
510 34899
511 34799
512 36600
513 35800
514 35400
515 36000
516 35300
517 35001
518 36600
519 35400
520 35499
521 35199
522 102700
523 46700
524 34999
525 35001
526 34801
527 34300
528 34600
529 34801
530 36100
531 47499
532 35500
533 35300
534 34901
535 34800
536 35200
537 34901
538 35999
539 34700
540 34800
541 35000
542 34500
543 35499
544 34400
545 34701
546 35199
547 34901
548 34900
549 35599
550 35199
551 34901
552 35701
553 35500
554 34601
555 34400
556 35101
557 35099
558 34800
559 34799
560 35199
561 35000
562 35300
563 34300
564 34800
565 34700
566 35101
567 35501
568 34300
569 34799
570 35100
571 112600
572 35200
573 34800
574 34400
575 34500
576 34900
577 34501
578 34700
579 34700
580 35100
581 35100
582 37900
583 35200
584 34701
585 34600
586 35400
587 34500
588 51701
589 35601
590 35000
591 35101
592 35200
593 46600
594 35101
595 34600
596 35401
597 34600
598 34300
599 35200
600 34899
601 34601
602 35101
603 35501
604 34601
605 34099
606 35401
607 34700
608 34799
609 35800
610 34201
611 34500
612 34800
613 35000
614 35300
615 35099
616 34899
617 34900
618 34300
619 34799
620 100400
621 35000
622 34400
623 34800
624 35000
625 34600
626 34801
627 34500
628 100100
629 36200
630 36800
631 35400
632 35000
633 34600
634 34400
635 34701
636 35400
637 34400
638 34300
639 34800
640 35001
641 34700
642 34400
643 35000
644 35599
645 34600
646 35801
647 35899
648 35300
649 34599
650 35400
651 34300
652 35100
653 35001
654 35200
655 35400
656 34999
657 34700
658 34901
659 34601
660 34800
661 34700
662 46599
663 35601
664 34700
665 35100
666 110100
667 35300
668 34800
669 34500
670 35201
671 34500
672 34200
673 34200
674 34800
675 35901
676 35599
677 35000
678 35500
679 35800
680 38799
681 36300
682 35400
683 34800
684 34800
685 34700
686 34501
687 34300
688 35000
689 35200
690 35000
691 34200
692 34800
693 34299
694 35100
695 34400
696 34599
697 34500
698 35000
699 34600
700 34900
701 33999
702 34799
703 35000
704 34300
705 34901
706 34701
707 33900
708 34600
709 34300
710 34999
711 34900
712 34900
713 34500
714 34400
715 34400
716 34400
717 34600
718 33999
719 34899
720 34600
721 34400
722 34600
723 34500
724 65600
725 57400
726 35400
727 35200
728 34701
729 34000
730 34800
731 34099
732 35001
733 34600
734 34300
735 34000
736 34800
737 34200
738 34300
739 34599
740 34400
741 34599
742 34800
743 44700
744 34400
745 33801
746 33500
747 33600
748 33300
749 32600
750 33000
751 32600
752 32400
753 32500
754 32700
755 32400
756 32400
757 31900
758 32000
759 33201
760 32000
761 32200
762 32400
763 32101
764 31999
765 32300
766 37499
767 31600
768 30701
769 31200
770 30800
771 31001
772 32701
773 32999
774 32300
775 32200
776 31799
777 31600
778 31600
779 144999
780 32900
781 32500
782 31600
783 31800
784 33000
785 31900
786 31999
787 32500
788 31800
789 31700
790 31700
791 31901
792 32000
793 31801
794 32101
795 32099
796 31500
797 31200
798 31600
799 31999
800 32000
801 32201
802 32200
803 31400
804 31199
805 31600
806 31900
807 32100
808 32500
809 32199
810 31500
811 31500
812 31700
813 31800
814 32300
815 31699
816 31899
817 30900
818 31200
819 31600
820 32301
821 31801
822 31900
823 31600
824 31600
825 31700
826 31699
827 31801
828 32200
829 32200
830 31301
831 31100
832 30900
833 31500
834 31700
835 32100
836 31800
837 31800
838 31099
839 42300
840 32601
841 32000
842 32100
843 31600
844 31500
845 31200
846 31500
847 31900
848 31700
849 31901
850 31300
851 31000
852 31500
853 31199
854 33300
855 32200
856 32099
857 31500
858 31599
859 102500
860 32699
861 32699
862 31999
863 31600
864 31400
865 31600
866 41500
867 66599
868 37300
869 36400
870 36100
871 54400
872 36300
873 34300
874 33500
875 32800
876 32500
877 32200
878 31500
879 31600
880 33400
881 31199
882 31200
883 31000
884 30301
885 31100
886 31500
887 30800
888 31199
889 31000
890 30800
891 29999
892 30600
893 30700
894 30399
895 30800
896 31299
897 31399
898 30500
899 30200
900 30300
901 31900
902 30600
903 30100
904 30400
905 30100
906 30000
907 30000
908 29500
909 29699
910 30199
911 29700
912 29799
913 30100
914 30200
915 30100
916 30200
917 30299
918 29899
919 29700
920 30000
921 30399
922 30399
923 30400
924 30500
925 30301
926 30099
927 30201
928 30401
929 30500
930 30400
931 30600
932 30900
933 30200
934 30001
935 30100
936 29799
937 29801
938 30001
939 29900
940 29900
941 30400
942 30200
943 30000
944 31400
945 29999
946 30000
947 29800
948 30100
949 30099
950 29799
951 29700
952 29900
953 29600
954 29900
955 29600
956 29900
957 29600
958 29400
959 29900
960 30000
961 29899
962 30099
963 30101
964 29999
965 30100
966 30100
967 29901
968 96500
969 30900
970 31001
971 31100
972 31199
973 31199
974 31201
975 31300
976 31001
977 31100
978 30799
979 30399
980 30500
981 30500
982 31201
983 30800
984 30901
985 32400
986 92700
987 30800
988 30999
989 89599
990 32099
991 31700
992 31300
993 31201
994 30999
995 31201
996 30900
997 30500
998 143100
999 30299
1000 30299
