19738
14315
12548
18404
17741
19829
19686
13298
19819
13500
15213
18173
18729
19075
12348
18273
18102
19848
15180
14168
10078
10842
18690
17362
19351
10713
18561
19311
18896
17795
17600
14407
14985
11404
16238
13545
19330
19879
15692
18489
19362
13287
15761
13107
17651
10909
16220
18549
17010
17133
11423
11846
16338
16384
11330
15580
15423
18311
12251
15015
12778
10024
13156
13731
18028
12519
15285
18830
19865
11208
17001
16081
19611
10404
18047
16708
13271
18430
10788
19443
11871
11510
18347
12446
11156
13457
14932
11522
11612
10576
15437
14197
15963
14242
12005
16608
15259
16309
15192
14899
15684
11146
13496
15404
11580
13277
18039
12564
12639
25552
26925
28635
23016
24456
20533
27826
25433
25831
20881
29375
27103
23139
21782
28734
26061
25356
27269
29023
28379
29507
22972
21456
27226
26587
24121
24058
20092
28406
24181
29125
26815
25543
28712
23031
26830
25536
28354
23532
25143
23088
23550
20047
29263
27584
26626
24302
20605
22613
21644
27116
21562
25875
22647
24825
26256
29196
29680
25542
22192
28665
28370
20609
23298
28712
23321
28980
23096
24106
28102
20543
28153
26688
24010
20155
25957
29541
20149
29460
23802
25691
22002
24408
24765
25990
22790
23292
24353
28525
29444
21847
26751
22106
20777
20127
28053
20948
26223
37706
31583
31421
38943
32180
33591
36635
37323
34550
31705
31268
39688
33865
31269
35066
34049
37076
38425
33934
34539
36631
32395
35807
31151
33599
30141
34643
32874
36267
37096
31825
34870
33978
34506
37367
31836
37410
34875
37362
39586
38451
30024
33516
32135
37105
30377
30301
30681
31925
39181
37559
36728
35303
34874
33193
35047
33642
30773
34627
35381
32128
38145
38041
31551
34057
34891
33228
34785
30188
34702
35581
31161
34740
31945
34042
37140
33128
35685
34679
36878
30257
38620
32013
30731
31011
35354
37084
37264
36402
31129
36870
36793
32646
33824
39449
32204
31492
35183
37952
32838
30229
36024
35688
31841
39304
34195
38184
38722
38677
36181
44758
45152
44053
41594
45087
44942
40225
44682
45760
42854
46906
45639
46444
46351
47243
46883
40423
43124
42544
40702
48334
48087
40175
45531
41677
48992
45948
49387
49703
40688
44219
45891
49300
42592
40678
41934
47073
48340
40668
47765
47992
45857
49657
42758
45720
44771
49033
45208
49264
42255
45970
40422
45870
49894
44637
43882
44619
46972
48315
40410
46071
42652
49805
47712
49713
47167
41833
46405
40377
41203
46104
40520
45486
48333
40926
46743
43036
47891
48054
49626
43562
44644
45480
47895
42707
49248
44690
43727
44195
43076
49912
44097
42848
46108
42423
49216
42113
43015
46012
46886
44505
48182
46605
46466
41614
48127
40455
40193
41444
42151
46197
59438
58293
58517
58238
56992
56035
50185
51866
52591
52152
54265
56281
51457
58061
52500
56016
55515
54508
52671
58033
51784
51038
52810
59687
50227
52475
55677
53335
58808
59003
52836
51094
55254
55194
50427
57118
50057
59391
56182
54576
57336
57013
54217
53703
50189
51344
51274
53689
52524
58814
54530
55151
54606
58792
52395
53969
57605
54927
52313
53872
56539
56608
52624
51536
57531
51780
52284
54809
54678
52626
50454
57601
52042
56565
58213
50171
53452
52849
57313
53599
51434
56967
51898
52121
50658
52969
50654
51198
50328
55527
52399
51395
59461
50688
52172
57867
54531
50976
58191
51948
59522
57474
56773
59916
55192
52492
52097
59501
66956
69120
61554
68286
60771
64160
62910
67657
65293
65680
61100
64487
65078
68276
62217
62130
60198
60449
64982
61970
62709
61643
62370
67655
67786
62230
63546
62416
64336
61700
65587
63872
65114
65572
66734
67759
66206
61223
65314
63029
66272
64223
62941
66704
67172
68626
61198
68190
65095
65979
63746
69161
62375
66770
66301
68721
60281
66519
68840
63097
68612
68277
69474
60400
60246
60345
69140
67858
67306
66843
69835
64623
62584
69089
67527
64919
67809
69017
61116
64127
69433
63814
64392
64385
68625
61627
62228
63903
61457
66322
66656
69765
69164
61106
67569
66166
64278
63739
68405
60913
61355
72064
77188
78580
79166
71982
78963
77170
77071
77399
79738
79015
70419
75081
74530
77812
74815
75159
71579
72594
70845
72926
74449
78749
73455
70981
74717
73801
74629
79338
79961
72911
70716
77723
79271
78585
73740
76458
70881
73797
75046
71839
76304
79392
78156
70893
71244
73000
76621
71507
73861
75781
77328
77944
74727
70918
76429
79580
74941
71165
72122
76310
72207
75594
74570
79428
73185
74426
78666
70408
77189
74291
74194
73274
76060
71723
79274
76992
77985
71981
73778
73671
76445
72528
76837
72963
73134
73496
74132
75562
74560
77135
78131
72981
78370
75498
78280
73566
71193
73940
73317
75078
70326
73692
79779
77273
72166
79187
77497
77193
72973
87317
89216
86709
85153
84327
81979
82099
84816
83851
87224
83211
88017
82696
87509
85124
88121
83515
85823
87334
81310
85854
89328
80883
84218
88544
82091
80235
84478
83318
89713
86968
81300
87919
86892
88377
86159
89452
89003
83808
86788
85128
81213
84675
82602
81128
86780
86480
87579
84786
88099
84346
83372
88523
84867
84336
87528
80141
86670
82591
84066
86815
86960
86333
89436
86649
86072
80098
80483
82293
85220
82670
82338
84072
88593
89144
89490
86802
82997
81932
85008
82933
87155
85461
84444
82187
84572
80152
82092
80073
85914
85511
87195
81740
88571
81440
85356
81107
85827
88222
83381
85790
84188
81102
87245
89221
81788
80170
85648
86787
80095
85590
88605
81773
80056
82841
81500
85301
80471
80110
80627
85038
82483
89097
91949
95544
93769
98941
96318
90907
96954
99635
98947
98225
92429
97291
94456
99093
91146
91837
92451
94442
91858
92290
95925
96162
91158
97187
94429
95736
92578
91947
94740
93071
95472
96524
99940
90645
92458
92917
94034
98592
92404
93981
97273
90310
93581
93640
91073
95449
92473
97414
99329
93144
95308
92052
98471
91899
90959
95473
96066
91655
99629
98073
99162
93809
93088
90713
95774
92622
92625
99660
95542
94837
93053
95249
93661
99701
95502
95440
94667
90959
91121
95641
95275
94555
90177
94169
99983
96480
95827
91902
98504
99241
90120
98903
97076
96356
98563
95617
98154
99109
90522
92822
99850
93589
90131
91336
97697
99812
93332
98233
98268
95684
90186
92804
93076
93067
97208
99983
93866
99079
95013
95294
93959
96227
92995
93085
98944
97015
91845
91180
94669
99645
