1 499700
2 128500
3 116500
4 121100
5 110300
6 107100
7 108400
8 105300
9 112600
10 109500
11 108800
12 106100
13 106500
14 123600
15 109400
16 107800
17 105200
18 104200
19 109700
20 106500
21 105600
22 106100
23 106800
24 106400
25 105300
26 107300
27 106400
28 105700
29 129600
30 107700
31 104400
32 105000
33 108500
34 107100
35 106500
36 106600
37 88100
38 76300
39 76100
40 80100
41 74900
42 119900
43 118400
44 115900
45 115200
46 77900
47 79700
48 85100
49 77000
50 77900
51 75600
52 83200
53 73400
54 75900
55 76500
56 79400
57 73800
58 78300
59 76500
60 77400
61 78400
62 76700
63 78200
64 77200
65 76600
66 73900
67 83000
68 81900
69 76800
70 78200
71 76100
72 77600
73 76300
74 79500
75 77600
76 78100
77 78000
78 77800
79 82700
80 80400
81 82600
82 90600
83 90200
84 86200
85 88600
86 80800
87 88800
88 77600
89 80500
90 76700
91 79800
92 82300
93 107600
94 83500
95 80100
96 77600
97 79800
98 75700
99 75200
100 76600
101 81600
102 74000
103 74800
104 76000
105 74400
106 74900
107 75200
108 78100
109 74200
110 74300
111 76300
112 74600
113 75400
114 73200
115 75100
116 74900
117 75300
118 74300
119 74100
120 77000
121 75200
122 74300
123 76400
124 78700
125 78500
126 77600
127 75700
128 104000
129 117100
130 78300
131 79300
132 83700
133 75700
134 76000
135 76100
136 76000
137 73400
138 77300
139 74600
140 75300
141 73400
142 74200
143 77600
144 74900
145 79700
146 75700
147 76300
148 73500
149 75500
150 76800
151 77200
152 81200
153 73800
154 77700
155 75200
156 78300
157 75500
158 74100
159 84200
160 78300
161 1998600
162 53000
163 53200
164 67300
165 76900
166 76000
167 76700
168 50700
169 50600
170 50700
171 52000
172 52000
173 51300
174 51700
175 54800
176 52200
177 50700
178 50700
179 53000
180 51200
181 51200
182 51700
183 51500
184 51400
185 50400
186 52200
187 51500
188 51300
189 51200
190 56200
191 63100
192 51600
193 51500
194 51500
195 52500
196 51500
197 52800
198 77000
199 49300
200 48200
201 47000
202 48100
203 63700
204 54900
205 45800
206 45800
207 45700
208 45600
209 47900
210 45500
211 45600
212 46400
213 45800
214 45200
215 45700
216 45300
217 45600
218 47100
219 45500
220 46000
221 45400
222 45200
223 45900
224 45500
225 45700
226 45500
227 46200
228 45500
229 45900
230 46000
231 45400
232 45400
233 44900
234 44800
235 45300
236 44900
237 45500
238 45600
239 45300
240 45000
241 51800
242 47400
243 48400
244 46000
245 45600
246 45800
247 46000
248 46000
249 45600
250 45600
251 45100
252 45600
253 47800
254 44900
255 45400
256 45800
257 46100
258 46100
259 46000
260 47200
261 48500
262 45400
263 45500
264 45100
265 45000
266 44900
267 44700
268 45100
269 44400
270 45000
271 45300
272 45900
273 45100
274 45000
275 48700
276 45200
277 45500
278 45300
279 44900
280 44400
281 45500
282 44900
283 45200
284 56000
285 47400
286 50400
287 48300
288 51700
289 46500
290 46600
291 47300
292 45900
293 45500
294 45700
295 46000
296 44900
297 49200
298 45100
299 44800
300 45200
301 50000
302 44900
303 45700
304 45300
305 45400
306 44900
307 45400
308 44900
309 44700
310 44300
311 44100
312 44800
313 44300
314 44300
315 43900
316 68000
317 67100
318 68100
319 69400
320 68000
321 69300
322 68400
323 68300
324 68600
325 67700
326 72500
327 69800
328 69300
329 68600
330 69200
331 69400
332 69700
333 69900
334 69100
335 70700
336 70600
337 69600
338 69800
339 70000
340 70600
341 69300
342 70300
343 69700
344 68400
345 68200
346 68300
347 70300
348 68800
349 72100
350 69900
351 71000
352 70300
353 69600
354 70800
355 68200
356 69200
357 68200
358 101400
359 70800
360 70000
361 70500
362 69300
363 70400
364 69000
365 67900
366 77300
367 70600
368 71000
369 70300
370 71500
371 70300
372 74400
373 68100
374 68900
375 70800
376 70200
377 68800
378 71000
379 69700
380 69200
381 68000
382 68800
383 70800
384 72600
385 71900
386 74000
387 71100
388 69700
389 69400
390 76800
391 73300
392 74700
393 74500
394 71800
395 78900
396 77400
397 73600
398 73200
399 71900
400 75200
401 81600
402 72200
403 77100
404 79200
405 76100
406 78000
407 80200
408 72400
409 76400
410 71600
411 73300
412 72900
413 75700
414 68700
415 72600
416 73000
417 70600
418 70000
419 70500
420 68900
421 72900
422 69600
423 69800
424 70400
425 71000
426 69700
427 69200
428 69200
429 55100
430 51000
431 51000
432 49800
433 49800
434 51700
435 49600
436 49700
437 49600
438 50100
439 49400
440 49800
441 49500
442 49400
443 49700
444 47600
445 49400
446 49100
447 49600
448 49800
449 49200
450 50200
451 49200
452 50000
453 49300
454 49000
455 49700
456 49400
457 50100
458 49000
459 49300
460 49500
461 49300
462 49300
463 49200
464 50300
465 54700
466 50500
467 49000
468 49100
469 49000
470 49200
471 52000
472 49400
473 49200
474 49600
475 49200
476 49200
477 49400
478 50100
479 50500
480 49500
481 49100
482 49100
483 59500
484 49200
485 51900
486 49000
487 49400
488 49200
489 49000
490 49400
491 49000
492 51100
493 48800
494 49400
495 49600
496 49500
497 49300
498 49000
499 51300
500 49100
501 49200
502 49300
503 48700
504 49300
505 50100
506 47800
507 46600
508 45200
509 45400
510 44600
511 44500
512 48100
513 49400
514 45500
515 46100
516 45900
517 45500
518 45600
519 44800
520 46500
521 44300
522 44600
523 44000
524 44100
525 44500
526 44300
527 46300
528 44700
529 43800
530 44100
531 45000
532 43700
533 43800
534 44100
535 43600
536 44000
537 43400
538 45700
539 44300
540 43900
541 45600
542 43800
543 43700
544 43900
545 43500
546 43800
547 43800
548 44900
549 44400
550 44300
551 44500
552 44800
553 44600
554 45000
555 50300
556 48500
557 50800
558 46700
559 44600
560 44500
561 44100
562 47000
563 44000
564 43800
565 43600
566 43800
567 44100
568 43900
569 48600
570 44000
571 43600
572 43700
573 45100
574 43400
575 43100
576 45000
577 43000
578 43300
579 43000
580 42800
581 43300
582 43300
583 45200
584 43600
585 43400
586 43300
587 43200
588 44200
589 66400
590 68700
591 67600
592 66300
593 68700
594 68500
595 69200
596 69000
597 60800
598 44200
599 45900
600 44600
601 44100
602 43800
603 43700
604 47900
605 43800
606 44900
607 43600
608 43200
609 43700
610 43800
611 46500
612 43400
613 43300
614 43000
615 43000
616 43300
617 43500
618 44200
619 43300
620 43100
621 42800
622 42900
623 43100
624 43300
625 49700
626 43600
627 43300
628 43500
629 42900
630 43700
631 43500
632 44300
633 43600
634 43100
635 43400
636 43300
637 42800
638 43100
639 45000
640 43400
641 43800
642 43600
643 44700
644 44800
645 44500
646 45200
647 45300
648 43500
649 43700
650 43800
651 43600
652 43600
653 46700
654 44900
655 43200
656 43200
657 43600
658 43900
659 43600
660 44700
661 44800
662 43400
663 48000
664 43500
665 43200
666 43700
667 43600
668 43400
669 43300
670 43100
671 43300
672 42700
673 43400
674 43100
675 43300
676 43600
677 43800
678 50700
679 55500
680 43800
681 42800
682 42400
683 42500
684 42600
685 42600
686 42000
687 46900
688 41900
689 41700
690 42200
691 41800
692 42100
693 41700
694 42000
695 42100
696 42000
697 41700
698 41600
699 41800
700 42000
701 41600
702 41500
703 41500
704 41800
705 41300
706 41800
707 42000
708 82400
709 73400
710 79500
711 71000
712 68200
713 67200
714 68300
715 67400
716 66300
717 65900
718 65700
719 66500
720 69100
721 67400
722 71800
723 65200
724 69900
725 67600
726 74900
727 68700
728 67200
729 73600
730 69900
731 71100
732 67300
733 74800
734 70600
735 73700
736 74100
737 73100
738 77600
739 74200
740 71500
741 75300
742 68500
743 72000
744 76200
745 74500
746 75600
747 66700
748 75000
749 74600
750 86600
751 70500
752 66300
753 73300
754 66400
755 66600
756 68500
757 67400
758 68000
759 66500
760 66000
761 67000
762 66600
763 70200
764 67000
765 67200
766 66500
767 68100
768 66600
769 67200
770 67800
771 66800
772 67200
773 67900
774 66700
775 66600
776 67100
777 65400
778 67800
779 66600
780 66500
781 67200
782 66200
783 66500
784 66800
785 66600
786 67000
787 67000
788 68300
789 66300
790 66800
791 69100
792 67400
793 66800
794 66900
795 66400
796 66200
797 65700
798 67000
799 67100
800 67300
801 67400
802 66800
803 67000
804 65900
805 69800
806 66800
807 66400
808 67300
809 64900
810 65300
811 66700
812 68300
813 66500
814 65100
815 64900
816 65300
817 68300
818 67000
819 66100
820 67600
821 66800
822 66800
823 65800
824 65200
825 67700
826 66900
827 68300
828 65600
829 65600
830 67400
831 67100
832 67600
833 66400
834 66600
835 66900
836 68400
837 70800
838 66900
839 70300
840 66900
841 68600
842 67200
843 71900
844 70300
845 66900
846 74600
847 69500
848 67700
849 67000
850 71200
851 70700
852 72800
853 70800
854 72100
855 78500
856 75200
857 72600
858 72000
859 67600
860 74700
861 74900
862 72800
863 76100
864 67000
865 73300
866 76000
867 73800
868 70100
869 70000
870 72500
871 66600
872 67000
873 70700
874 68000
875 66300
876 67100
877 68300
878 67000
879 65400
880 68000
881 67800
882 66700
883 65300
884 69500
885 67000
886 65600
887 69400
888 67100
889 67400
890 65700
891 68800
892 67000
893 65000
894 68000
895 65200
896 66800
897 66500
898 64800
899 66800
900 68000
901 69700
902 68000
903 65800
904 67300
905 65700
906 67100
907 66700
908 66700
909 66900
910 67300
911 67000
912 66900
913 65200
914 67300
915 66900
916 66900
917 66000
918 70200
919 65800
920 68000
921 66500
922 67200
923 66400
924 65500
925 66800
926 65400
927 67200
928 65200
929 68100
930 65200
931 66700
932 65200
933 66600
934 66400
935 68600
936 65600
937 67900
938 65600
939 67800
940 67500
941 67200
942 69000
943 66900
944 65500
945 67400
946 67200
947 67500
948 65200
949 67100
950 67100
951 67200
952 67100
953 70500
954 68400
955 68800
956 68400
957 66700
958 69200
959 65600
960 73700
961 68000
962 72600
963 69200
964 67400
965 66200
966 70500
967 76300
968 84400
969 73300
970 88000
971 80300
972 74300
973 72900
974 70000
975 70900
976 72400
977 78400
978 74100
979 72900
980 68300
981 75800
982 72000
983 75300
984 70900
985 66500
986 72100
987 69300
988 67600
989 69300
990 67600
991 65400
992 66700
993 69500
994 64700
995 66800
996 67400
997 67200
998 65000
999 66400
1000 66300
