1 488900
2 103000
3 90800
4 90800
5 84200
6 91600
7 88900
8 90600
9 89200
10 85400
11 94700
12 90500
13 85500
14 89400
15 90700
16 92000
17 84600
18 83300
19 84400
20 83000
21 81600
22 91400
23 86500
24 88700
25 90100
26 81400
27 83300
28 84400
29 82100
30 83700
31 85200
32 84700
33 83000
34 119500
35 85300
36 83700
37 85600
38 82200
39 86200
40 84400
41 84100
42 84200
43 89800
44 114500
45 84200
46 66000
47 57800
48 58500
49 56500
50 58400
51 60100
52 63900
53 55200
54 60300
55 56200
56 56900
57 55400
58 58000
59 58000
60 58300
61 62100
62 56600
63 57100
64 56500
65 57400
66 57100
67 59700
68 60300
69 57600
70 57100
71 57800
72 55500
73 57700
74 55700
75 62300
76 55500
77 62300
78 66500
79 66900
80 60300
81 58000
82 57800
83 59300
84 61100
85 63700
86 63000
87 70600
88 61000
89 60500
90 71200
91 63800
92 88400
93 61300
94 65100
95 63700
96 63300
97 68200
98 58200
99 63400
100 59000
101 66000
102 56400
103 62200
104 58900
105 58800
106 65800
107 59100
108 59300
109 59400
110 62600
111 62500
112 58800
113 55500
114 58100
115 57500
116 58500
117 60500
118 56000
119 57400
120 59600
121 59600
122 56700
123 59000
124 56900
125 57600
126 58500
127 57100
128 61200
129 59300
130 61500
131 56100
132 60600
133 56300
134 60200
135 80400
136 58100
137 63200
138 60500
139 72700
140 61400
141 57700
142 57300
143 58800
144 57900
145 62700
146 61800
147 56200
148 56800
149 56800
150 58600
151 60800
152 56100
153 65700
154 58100
155 58900
156 57800
157 56900
158 57900
159 58700
160 58400
161 1662700
162 32900
163 33400
164 43200
165 63300
166 64100
167 33900
168 33300
169 33200
170 32900
171 34100
172 34400
173 37600
174 33900
175 33300
176 33200
177 32300
178 33000
179 33600
180 33300
181 33400
182 34500
183 33700
184 33000
185 32500
186 34400
187 38400
188 53000
189 33200
190 33000
191 33600
192 33000
193 33200
194 33300
195 62800
196 62400
197 62000
198 60400
199 62200
200 59900
201 62600
202 62900
203 62100
204 62400
205 63300
206 60600
207 59700
208 74300
209 62300
210 65200
211 62300
212 66900
213 63000
214 70500
215 64400
216 62600
217 60800
218 61700
219 67700
220 63800
221 66100
222 66700
223 63600
224 62500
225 64600
226 66100
227 64600
228 67100
229 67600
230 68200
231 62400
232 63000
233 63500
234 63500
235 63600
236 61700
237 64100
238 61500
239 62400
240 65700
241 65400
242 61200
243 62000
244 68900
245 34300
246 32900
247 32500
248 33100
249 33000
250 33500
251 33000
252 33200
253 33700
254 33200
255 34400
256 32700
257 33000
258 33400
259 34500
260 33300
261 33100
262 33100
263 33600
264 47300
265 44800
266 29200
267 29700
268 29200
269 30000
270 29100
271 29700
272 29000
273 28900
274 29000
275 29300
276 29200
277 29100
278 30600
279 29000
280 28700
281 29000
282 29300
283 29500
284 29300
285 29200
286 29200
287 31500
288 29700
289 29100
290 29000
291 29100
292 29800
293 29100
294 28900
295 28900
296 28800
297 28900
298 28700
299 29100
300 29600
301 31800
302 29000
303 29000
304 29700
305 29300
306 29100
307 29000
308 29700
309 29000
310 29000
311 28900
312 30500
313 29100
314 29000
315 31000
316 54700
317 52300
318 53700
319 54900
320 52500
321 55400
322 57300
323 55300
324 53400
325 53900
326 54400
327 53600
328 53700
329 54300
330 53300
331 56900
332 54600
333 54100
334 53600
335 54200
336 53400
337 53800
338 53700
339 53600
340 58500
341 54300
342 53700
343 54200
344 57400
345 54100
346 53500
347 53700
348 55800
349 56600
350 52500
351 54500
352 52300
353 52300
354 53900
355 53400
356 53200
357 53700
358 61000
359 54800
360 55300
361 55400
362 56600
363 53600
364 53600
365 53700
366 53900
367 54500
368 52700
369 62000
370 53400
371 55600
372 57600
373 51800
374 52400
375 52100
376 55800
377 53300
378 56800
379 71000
380 58300
381 63300
382 52300
383 52800
384 60400
385 57000
386 59100
387 61200
388 65200
389 61200
390 54900
391 59300
392 56900
393 57100
394 58000
395 59400
396 60000
397 59700
398 61200
399 52200
400 54400
401 53500
402 55500
403 56900
404 57300
405 54500
406 56300
407 59000
408 55500
409 57400
410 56900
411 70000
412 60400
413 55100
414 52500
415 54000
416 54000
417 60400
418 59800
419 52800
420 54500
421 55300
422 53500
423 52100
424 55100
425 57000
426 53600
427 52700
428 52400
429 33100
430 30800
431 31100
432 29800
433 29600
434 45600
435 33400
436 30400
437 42700
438 30200
439 29600
440 29600
441 29800
442 29400
443 32600
444 29300
445 29400
446 29600
447 29400
448 29300
449 29500
450 30100
451 29400
452 29100
453 30500
454 29500
455 29600
456 30100
457 33000
458 29700
459 29600
460 31200
461 29200
462 29500
463 29300
464 30300
465 29500
466 29500
467 29200
468 29800
469 31500
470 29500
471 33100
472 29800
473 29300
474 29500
475 29700
476 30600
477 29100
478 30400
479 29400
480 29300
481 29200
482 29200
483 29200
484 29400
485 31800
486 29200
487 29300
488 29300
489 29400
490 29500
491 30700
492 30400
493 29500
494 29600
495 29100
496 29400
497 29500
498 30200
499 58800
500 32300
501 30200
502 29200
503 29400
504 29200
505 29200
506 31900
507 29600
508 29200
509 29300
510 29300
511 29200
512 29900
513 34300
514 29800
515 29500
516 29500
517 29500
518 29400
519 29900
520 30500
521 29300
522 29300
523 29300
524 29200
525 29400
526 29300
527 32200
528 29300
529 29500
530 29600
531 29300
532 29300
533 29500
534 30300
535 29400
536 29300
537 29400
538 28900
539 30700
540 29200
541 31400
542 29500
543 29100
544 29500
545 29600
546 29700
547 29900
548 31600
549 29500
550 29900
551 29700
552 29600
553 29300
554 29400
555 34500
556 29300
557 29500
558 29500
559 29100
560 29700
561 29400
562 30100
563 29300
564 29200
565 29200
566 29300
567 29300
568 30400
569 31400
570 29800
571 29100
572 28800
573 28900
574 29200
575 28800
576 30000
577 29000
578 28900
579 29100
580 29100
581 28900
582 29000
583 31000
584 29000
585 29200
586 29100
587 29200
588 28900
589 52800
590 54700
591 53900
592 52400
593 53600
594 54300
595 52800
596 54100
597 51000
598 29300
599 29100
600 29200
601 29200
602 29100
603 29200
604 30300
605 28900
606 29400
607 28900
608 29500
609 29100
610 29000
611 31400
612 29300
613 29200
614 29000
615 29300
616 29000
617 29400
618 30200
619 29400
620 29100
621 29100
622 29200
623 29100
624 28900
625 31300
626 29100
627 29000
628 29100
629 29100
630 29000
631 29200
632 29900
633 29300
634 29200
635 29000
636 29100
637 29300
638 29100
639 31400
640 29200
641 29900
642 30200
643 29400
644 29200
645 29400
646 30600
647 29300
648 29300
649 29000
650 29500
651 33200
652 29000
653 31700
654 29200
655 29700
656 28800
657 28900
658 29200
659 29300
660 29700
661 29200
662 29200
663 29100
664 29200
665 29000
666 29100
667 31100
668 29000
669 29000
670 29400
671 29100
672 29000
673 28900
674 29900
675 29700
676 29200
677 29300
678 29200
679 29200
680 29000
681 29300
682 31900
683 29200
684 29200
685 29300
686 28900
687 29100
688 28900
689 28900
690 29100
691 29100
692 28700
693 29200
694 29400
695 29100
696 29100
697 29400
698 29300
699 29100
700 29500
701 30500
702 28800
703 30600
704 29500
705 29400
706 29100
707 29000
708 29400
709 52700
710 53200
711 52400
712 53400
713 53600
714 54100
715 53600
716 60000
717 53800
718 55000
719 53800
720 53700
721 53500
722 58300
723 59700
724 54400
725 57300
726 55400
727 55400
728 55100
729 57300
730 65800
731 54900
732 53600
733 58400
734 57200
735 61400
736 62300
737 57200
738 58600
739 52500
740 58700
741 57300
742 56500
743 62600
744 56900
745 55300
746 53200
747 55100
748 59700
749 62700
750 67900
751 63300
752 58300
753 63600
754 58900
755 57400
756 53300
757 54800
758 57700
759 63700
760 53900
761 53800
762 53900
763 53700
764 53200
765 53100
766 54200
767 53400
768 52000
769 53200
770 51800
771 52000
772 52200
773 55900
774 57400
775 57400
776 53800
777 54200
778 53400
779 51800
780 52700
781 52700
782 52100
783 54300
784 55200
785 52400
786 56300
787 53700
788 53500
789 54200
790 54400
791 53800
792 65500
793 53500
794 54600
795 54000
796 53100
797 53800
798 53200
799 52200
800 53800
801 53800
802 54500
803 53900
804 53700
805 54900
806 54000
807 54000
808 53700
809 54700
810 52500
811 52300
812 55500
813 53900
814 54100
815 53800
816 52100
817 52100
818 54200
819 57000
820 54800
821 52800
822 56400
823 53700
824 57300
825 53900
826 55200
827 52700
828 55700
829 53400
830 60600
831 61300
832 84200
833 54800
834 56200
835 56600
836 56000
837 61300
838 64800
839 53200
840 53400
841 55600
842 54600
843 57300
844 57000
845 59900
846 57600
847 56300
848 61600
849 55700
850 57700
851 54100
852 61600
853 58800
854 55900
855 56900
856 55300
857 57400
858 52000
859 53700
860 63600
861 55200
862 54700
863 53200
864 51600
865 53600
866 57200
867 60300
868 52300
869 54000
870 53300
871 52300
872 53600
873 60000
874 58500
875 53800
876 51600
877 53700
878 53200
879 53000
880 51900
881 54800
882 51800
883 53000
884 55000
885 53700
886 53000
887 53700
888 62900
889 60300
890 53400
891 53700
892 51900
893 53700
894 53500
895 53500
896 53600
897 52600
898 54200
899 53700
900 52400
901 56000
902 52300
903 53200
904 53700
905 52200
906 53600
907 51800
908 54000
909 53300
910 52400
911 53200
912 51800
913 53800
914 53500
915 55600
916 53600
917 53500
918 53500
919 51900
920 53500
921 53200
922 53800
923 53000
924 51500
925 53600
926 51900
927 54200
928 55200
929 53600
930 52100
931 57500
932 53500
933 53200
934 53200
935 51700
936 52300
937 55300
938 56700
939 54700
940 55500
941 55100
942 56000
943 54700
944 55300
945 53600
946 56400
947 65700
948 52100
949 54400
950 56700
951 61600
952 57900
953 61400
954 57600
955 53900
956 54000
957 59700
958 56200
959 59300
960 66700
961 60400
962 59200
963 54200
964 60100
965 58500
966 62000
967 55000
968 55600
969 61000
970 59000
971 61200
972 53800
973 60300
974 52100
975 53800
976 62100
977 58200
978 53700
979 54100
980 53200
981 53300
982 56200
983 60300
984 53200
985 53500
986 51400
987 53600
988 52000
989 56900
990 60500
991 51800
992 53600
993 53800
994 53300
995 53300
996 53600
997 54100
998 53600
999 52100
1000 53700
