1 629800
2 614700
3 392700
4 110900
5 114300
6 106600
7 106700
8 109400
9 108000
10 108800
11 183500
12 265700
13 269700
14 282100
15 275600
16 266700
17 249200
18 102700
19 101400
20 102300
21 102600
22 106600
23 103900
24 105600
25 107600
26 103800
27 103100
28 115300
29 120800
30 103900
31 97700
32 104500
33 107100
34 105500
35 103300
36 107700
37 104900
38 110000
39 107000
40 101300
41 100500
42 99300
43 98600
44 99600
45 72800
46 60100
47 85300
48 67900
49 56000
50 53300
51 65700
52 65300
53 54300
54 53200
55 83100
56 54600
57 65700
58 72000
59 53500
60 74800
61 67800
62 64600
63 53800
64 56100
65 54200
66 66700
67 54100
68 93400
69 54100
70 66000
71 66800
72 55000
73 72700
74 55200
75 53700
76 55400
77 55100
78 54100
79 64900
80 53500
81 83700
82 53600
83 53700
84 67400
85 53700
86 72000
87 55400
88 54600
89 68700
90 184100
91 124900
92 122000
93 121100
94 221200
95 141700
96 168300
97 71800
98 54100
99 80300
100 64700
101 147700
102 98100
103 85800
104 77500
105 61800
106 55100
107 123400
108 130400
109 72400
110 63000
111 56800
112 77400
113 61200
114 62500
115 51400
116 66100
117 63900
118 50400
119 49800
120 79000
121 67100
122 73100
123 64000
124 50300
125 102800
126 61000
127 63100
128 80200
129 120000
130 67700
131 50200
132 52600
133 78300
134 64400
135 68700
136 65800
137 50900
138 78400
139 63500
140 61800
141 52400
142 66000
143 59200
144 52000
145 51300
146 80000
147 63200
148 66200
149 66500
150 49700
151 76500
152 66900
153 61100
154 52900
155 78000
156 61200
157 52800
158 55300
159 79600
160 62400
161 66000
162 63900
163 38500
164 31700
165 30300
166 31100
167 32100
168 30700
169 32900
170 35100
171 30400
172 30300
173 40900
174 32100
175 30300
176 62700
177 49300
178 32300
179 30100
180 31100
181 30200
182 30700
183 31000
184 30300
185 32400
186 30300
187 30300
188 30800
189 30300
190 31400
191 34200
192 30800
193 31000
194 31400
195 30700
196 31100
197 30500
198 29900
199 31800
200 31200
201 31900
202 30200
203 31100
204 29800
205 31100
206 30400
207 30100
208 30900
209 33000
210 32300
211 30000
212 30200
213 30500
214 29800
215 31300
216 31000
217 31300
218 31800
219 30900
220 29800
221 30100
222 30900
223 29600
224 31100
225 29700
226 30100
227 30000
228 29700
229 35200
230 31900
231 31100
232 31300
233 30800
234 30700
235 30000
236 31200
237 30000
238 29500
239 30000
240 30200
241 31000
242 30800
243 30800
244 30400
245 1813900
246 25900
247 24600
248 24600
249 24300
250 31600
251 32000
252 30500
253 30000
254 30200
255 22100
256 22000
257 21900
258 22800
259 22300
260 22300
261 22200
262 22300
263 22300
264 22200
265 22100
266 22300
267 22300
268 22000
269 22400
270 22300
271 22200
272 22100
273 22200
274 22200
275 23000
276 22100
277 22500
278 22300
279 22200
280 23100
281 22000
282 22600
283 23300
284 22200
285 22100
286 22200
287 22600
288 22300
289 22500
290 22600
291 22600
292 22200
293 22000
294 22300
295 23400
296 22300
297 22300
298 22400
299 23100
300 22400
301 22200
302 22200
303 22500
304 22600
305 22200
306 22200
307 22300
308 22200
309 22200
310 22200
311 22100
312 22300
313 22100
314 23200
315 22200
316 22200
317 22500
318 22100
319 22200
320 22400
321 22200
322 40100
323 35500
324 22200
325 22300
326 22300
327 22100
328 22600
329 22300
330 22200
331 22300
332 22600
333 22300
334 22200
335 23700
336 22800
337 22200
338 22200
339 22400
340 22500
341 22400
342 26500
343 22400
344 22600
345 22200
346 22300
347 22600
348 22100
349 24100
350 22100
351 22400
352 22100
353 22200
354 22100
355 22300
356 22100
357 22700
358 22100
359 22100
360 22100
361 22200
362 22300
363 22500
364 22200
365 22600
366 22100
367 22100
368 22300
369 22300
370 22300
371 22000
372 22200
373 22700
374 22200
375 22300
376 22200
377 22400
378 22100
379 22200
380 22300
381 22700
382 22300
383 22200
384 22500
385 22500
386 22300
387 22300
388 22300
389 22500
390 29600
391 30100
392 28500
393 22600
394 22400
395 22200
396 22500
397 22800
398 22800
399 22100
400 23300
401 22200
402 22300
403 22700
404 23200
405 22900
406 22200
407 22700
408 23300
409 22100
410 22300
411 23200
412 22200
413 22200
414 22900
415 22400
416 22500
417 22400
418 22300
419 22300
420 22100
421 22000
422 22500
423 22300
424 22100
425 22100
426 22400
427 22200
428 21800
429 21900
430 23600
431 22100
432 22200
433 22300
434 22400
435 22700
436 22100
437 22400
438 22300
439 22100
440 22100
441 22100
442 22100
443 22000
444 22200
445 22200
446 22100
447 22100
448 22100
449 22200
450 22200
451 22200
452 21900
453 22300
454 22100
455 22000
456 24200
457 22200
458 22100
459 22400
460 23900
461 22100
462 22400
463 22400
464 23000
465 22200
466 43800
467 22700
468 22200
469 22100
470 24500
471 22300
472 23000
473 22300
474 22100
475 22400
476 22100
477 22400
478 30200
479 31800
480 30900
481 31300
482 31900
483 30600
484 32700
485 43700
486 31600
487 30100
488 31200
489 30900
490 29600
491 29800
492 29600
493 32200
494 32200
495 32500
496 32100
497 29600
498 31200
499 30200
500 30700
501 33100
502 33500
503 31700
504 34100
505 30500
506 30000
507 30100
508 30200
509 31100
510 32500
511 30900
512 31800
513 31700
514 33900
515 30000
516 34800
517 35100
518 34700
519 30900
520 31300
521 31900
522 31800
523 55700
524 30600
525 30300
526 30200
527 31600
528 31300
529 30100
530 30200
531 30400
532 30500
533 35400
534 33000
535 30300
536 32000
537 31100
538 31600
539 31400
540 30300
541 30300
542 30900
543 32000
544 35900
545 30700
546 30700
547 30900
548 31500
549 30700
550 31100
551 30700
552 32100
553 53800
554 31100
555 30900
556 39200
557 33100
558 30700
559 30700
560 31700
561 30800
562 30300
563 30800
564 31900
565 31200
566 30500
567 32400
568 32300
569 31100
570 30500
571 30900
572 31600
573 30700
574 30400
575 30600
576 32100
577 30700
578 30700
579 30400
580 31900
581 31400
582 31100
583 31400
584 30700
585 31700
586 30800
587 30600
588 32200
589 31700
590 30800
591 30700
592 31300
593 31400
594 30600
595 31100
596 32600
597 30700
598 30500
599 30500
600 31100
601 32100
602 30400
603 32400
604 30300
605 31500
606 30600
607 30200
608 31900
609 30900
610 30800
611 31300
612 30400
613 33800
614 30400
615 31300
616 32300
617 30900
618 33400
619 32000
620 31700
621 31700
622 31600
623 33700
624 30500
625 32200
626 30500
627 31900
628 31900
629 31800
630 33900
631 31400
632 32700
633 31800
634 35000
635 31000
636 42100
637 53100
638 30900
639 37300
640 30500
641 31800
642 36100
643 32400
644 33000
645 30800
646 26600
647 24900
648 24700
649 25000
650 24900
651 24600
652 24700
653 24800
654 24600
655 24700
656 25500
657 24600
658 25300
659 24600
660 24600
661 24600
662 24600
663 24400
664 24600
665 24800
666 25700
667 24700
668 24500
669 24500
670 24600
671 24800
672 24900
673 28300
674 23800
675 23800
676 23000
677 24000
678 23300
679 23100
680 23300
681 23200
682 23500
683 22900
684 23300
685 23100
686 23100
687 22800
688 22900
689 23000
690 23100
691 23100
692 23000
693 23000
694 23000
695 22900
696 23100
697 22900
698 22900
699 23000
700 23000
701 23100
702 23100
703 23100
704 23000
705 22900
706 24400
707 23600
708 25200
709 22900
710 23100
711 22800
712 23500
713 23200
714 22900
715 23000
716 23000
717 23000
718 25000
719 23100
720 23100
721 22900
722 23100
723 23200
724 23000
725 24100
726 22900
727 23000
728 23100
729 22900
730 23500
731 23800
732 23300
733 22800
734 23100
735 23200
736 23000
737 23200
738 22900
739 22900
740 23100
741 23500
742 23000
743 23100
744 22900
745 23000
746 23100
747 24000
748 23000
749 22800
750 23000
751 23100
752 23000
753 22900
754 23100
755 24200
756 22800
757 22900
758 23000
759 23100
760 23100
761 22900
762 23100
763 23100
764 23000
765 23400
766 23000
767 23000
768 23000
769 23200
770 25400
771 22900
772 23000
773 22900
774 23000
775 22900
776 23000
777 23000
778 22900
779 23000
780 23200
781 23300
782 23000
783 23000
784 23100
785 23000
786 23700
787 24000
788 23500
789 23000
790 25200
791 25200
792 23400
793 23100
794 22900
795 23000
796 22900
797 23100
798 23000
799 23300
800 23100
801 24100
802 23400
803 23000
804 24100
805 23800
806 23200
807 23000
808 23100
809 22900
810 23000
811 23200
812 23000
813 22900
814 23200
815 22900
816 23000
817 22800
818 23100
819 22800
820 22900
821 23000
822 23000
823 22900
824 22900
825 23300
826 23200
827 23100
828 22900
829 23000
830 23100
831 23000
832 23100
833 22900
834 24100
835 22900
836 22900
837 35500
838 22900
839 23700
840 23000
841 23000
842 24200
843 22900
844 23300
845 24900
846 23000
847 23200
848 23300
849 23600
850 23300
851 23100
852 23000
853 23200
854 23100
855 23100
856 23000
857 22900
858 23100
859 22900
860 22800
861 23000
862 22900
863 23200
864 23400
865 23100
866 22900
867 22800
868 23200
869 23000
870 22900
871 23000
872 23300
873 23200
874 23100
875 22900
876 26100
877 22800
878 23000
879 23100
880 23000
881 31700
882 32100
883 33100
884 31600
885 31300
886 30400
887 30600
888 30500
889 30800
890 30700
891 30800
892 30400
893 31900
894 23100
895 23100
896 22900
897 23300
898 23100
899 23200
900 23000
901 23500
902 23000
903 23000
904 23100
905 22900
906 22700
907 22800
908 23500
909 22800
910 22800
911 23100
912 22800
913 23900
914 22900
915 22800
916 22900
917 22900
918 22900
919 23000
920 23000
921 23200
922 23000
923 22900
924 24200
925 23000
926 23300
927 22900
928 22900
929 23100
930 23000
931 23500
932 22900
933 23000
934 22900
935 23000
936 23000
937 23100
938 22900
939 23700
940 23000
941 22400
942 22400
943 22400
944 24000
945 26100
946 22600
947 22600
948 22700
949 22600
950 22500
951 22500
952 22300
953 35400
954 29100
955 23200
956 23100
957 23100
958 23100
959 23400
960 35900
961 22800
962 23200
963 23700
964 27700
965 45900
966 39500
967 23700
968 24600
969 23900
970 23700
971 23800
972 23700
973 51700
974 52900
975 37600
976 23900
977 23700
978 23700
979 23800
980 23700
981 23800
982 23600
983 23800
984 23800
985 24000
986 23800
987 23800
988 23900
989 23800
990 24600
991 23600
992 23700
993 23700
994 23700
995 23800
996 24100
997 25300
998 23600
999 23700
1000 23700
