1 303900
2 60100
3 47200
4 45800
5 48300
6 47200
7 46300
8 43600
9 37100
10 27500
11 25500
12 28200
13 25300
14 23600
15 27600
16 23300
17 24600
18 23600
19 26700
20 23100
21 25500
22 26000
23 26200
24 24800
25 26500
26 27200
27 24300
28 25600
29 27800
30 24700
31 25300
32 26100
33 25400
34 24600
35 25100
36 24900
37 24600
38 28800
39 16600
40 15500
41 15400
42 15100
43 24600
44 19100
45 16000
46 15200
47 15000
48 15600
49 15100
50 14800
51 14800
52 15200
53 14800
54 14700
55 14700
56 15400
57 15000
58 14700
59 14700
60 15200
61 14800
62 14900
63 15200
64 15300
65 14900
66 15000
67 14700
68 14700
69 14700
70 14700
71 14700
72 14900
73 14700
74 14700
75 14800
76 14700
77 14700
78 14700
79 14600
80 14800
81 14600
82 14700
83 14600
84 16000
85 14600
86 14700
87 14600
88 14900
89 15600
90 14700
91 14600
92 14700
93 16200
94 15000
95 14800
96 20800
97 15600
98 15000
99 14900
100 14600
101 15000
102 14700
103 14700
104 16000
105 15200
106 14700
107 14700
108 14700
109 14700
110 14600
111 14700
112 14600
113 14700
114 14700
115 14600
116 14800
117 14800
118 14600
119 14600
120 14600
121 14800
122 14600
123 14600
124 14700
125 14600
126 14700
127 14600
128 14700
129 14900
130 14700
131 14700
132 14700
133 14700
134 15400
135 15000
136 14700
137 14800
138 15000
139 14800
140 14800
141 14600
142 15300
143 14800
144 14700
145 14800
146 14900
147 15000
148 15300
149 14600
150 15200
151 14900
152 14600
153 14700
154 14700
155 14700
156 14800
157 14700
158 14700
159 14700
160 14500
161 14600
162 14900
163 14700
164 14700
165 14600
166 14900
167 14600
168 14500
169 14700
170 14700
171 14700
172 14600
173 14600
174 14700
175 15500
176 14700
177 14900
178 14800
179 15400
180 14900
181 14800
182 14700
183 15200
184 14800
185 14800
186 14900
187 15600
188 14900
189 14700
190 16200
191 16200
192 15100
193 14800
194 14700
195 23500
196 16400
197 15300
198 14900
199 14900
200 14800
201 14900
202 14900
203 14900
204 14700
205 14800
206 14700
207 14700
208 14700
209 14700
210 14900
211 16000
212 14800
213 14700
214 14800
215 14700
216 14700
217 14700
218 14800
219 14800
220 15600
221 15100
222 14800
223 14700
224 15800
225 14900
226 14900
227 14800
228 15700
229 15100
230 14800
231 14800
232 15200
233 15000
234 14800
235 14800
236 15100
237 15100
238 15100
239 14800
240 14700
241 14700
242 14700
243 14900
244 14800
245 14800
246 14800
247 14800
248 14800
249 14800
250 14700
251 14700
252 14700
253 14700
254 14600
255 14800
256 14800
257 14700
258 15300
259 15000
260 14900
261 14800
262 14900
263 14600
264 14700
265 15600
266 15000
267 14800
268 14800
269 15400
270 14900
271 14800
272 14800
273 15500
274 15000
275 14800
276 14800
277 15200
278 14800
279 14700
280 14700
281 15100
282 14900
283 14700
284 14800
285 14900
286 15200
287 14700
288 14700
289 14800
290 14800
291 14900
292 14800
293 14800
294 14700
295 14700
296 14800
297 14800
298 14800
299 14600
300 14800
301 16100
302 14800
303 14700
304 14700
305 14700
306 15700
307 14800
308 14700
309 14800
310 15200
311 14900
312 14800
313 14700
314 15200
315 14900
316 14700
317 14800
318 15200
319 14800
320 14800
321 14700
322 15100
323 14700
324 27100
325 14900
326 15300
327 15200
328 24700
329 36000
330 19900
331 19800
332 19400
333 19000
334 17900
335 15400
336 15200
337 14900
338 14900
339 14800
340 27100
341 26100
342 27000
343 29700
344 31300
345 31100
346 30600
347 29000
348 32000
349 32400
350 31900
351 36700
352 34900
353 35000
354 34300
355 35000
356 36800
357 37900
358 37000
359 38400
360 32200
361 30300
362 29500
363 16800
364 17100
365 15500
366 15500
367 15400
368 15100
369 15100
370 15200
371 15100
372 15100
373 15100
374 14900
375 15100
376 15000
377 15100
378 15200
379 15400
380 15600
381 15200
382 15000
383 15100
384 15300
385 16200
386 15200
387 15500
388 15400
389 15100
390 15100
391 15000
392 15200
393 14800
394 15100
395 14900
396 19800
397 15900
398 15500
399 15300
400 15000
401 15100
402 89900
403 15200
404 15200
405 15200
406 15100
407 14900
408 14900
409 15400
410 14900
411 14900
412 15800
413 14900
414 14800
415 15200
416 17100
417 16200
418 15400
419 15200
420 17200
421 34700
422 15400
423 15100
424 16300
425 14900
426 15200
427 14900
428 14800
429 14700
430 14800
431 14800
432 14900
433 14900
434 14800
435 15200
436 14900
437 14900
438 14800
439 14700
440 14900
441 14800
442 14800
443 14800
444 15100
445 14900
446 14800
447 14900
448 14900
449 14800
450 14800
451 14800
452 14700
453 14700
454 14700
455 14700
456 14800
457 15100
458 14900
459 14700
460 14900
461 14700
462 15000
463 16300
464 14800
465 14900
466 15400
467 14900
468 14800
469 14900
470 14800
471 14800
472 14800
473 14800
474 14800
475 14700
476 15600
477 14700
478 14800
479 14700
480 14800
481 14800
482 14700
483 14700
484 14600
485 14700
486 14600
487 14800
488 14800
489 14800
490 14800
491 14700
492 15100
493 14700
494 14800
495 14800
496 14700
497 14600
498 14700
499 14700
500 14600
501 14700
502 14800
503 14800
504 14700
505 14700
506 15900
507 14900
508 14700
509 14700
510 14700
511 14600
512 16600
513 15400
514 15900
515 15200
516 15000
517 14900
518 14800
519 14900
520 15000
521 14900
522 15000
523 15000
524 14800
525 14800
526 14700
527 14700
528 14700
529 14700
530 16200
531 14900
532 14700
533 14800
534 14900
535 14800
536 14800
537 14800
538 14700
539 14800
540 14800
541 14700
542 14700
543 14800
544 14700
545 14800
546 14800
547 14800
548 14900
549 14900
550 14900
551 14800
552 14800
553 15000
554 14900
555 14900
556 14900
557 14700
558 14800
559 14800
560 14800
561 14800
562 15000
563 14800
564 14900
565 14900
566 14900
567 14700
568 14800
569 14800
570 14600
571 14900
572 14900
573 14800
574 14700
575 14800
576 14800
577 20700
578 14900
579 14900
580 14700
581 14700
582 14800
583 14600
584 14900
585 14900
586 14700
587 14800
588 14900
589 14700
590 14800
591 15000
592 14800
593 15000
594 14700
595 14700
596 14800
597 14800
598 14800
599 14700
600 14700
601 15100
602 14700
603 14700
604 14800
605 14800
606 14600
607 14700
608 14900
609 15000
610 14600
611 14700
612 14700
613 14600
614 14700
615 14700
616 14900
617 14700
618 14700
619 14700
620 14600
621 16100
622 14800
623 14600
624 14600
625 14700
626 14700
627 14700
628 14700
629 15100
630 14800
631 14900
632 14900
633 15000
634 15000
635 14800
636 14800
637 73600
638 15000
639 14900
640 15100
641 15200
642 14700
643 14700
644 15100
645 15000
646 15300
647 14900
648 14900
649 15000
650 14900
651 14700
652 14700
653 14700
654 14700
655 14600
656 14500
657 14600
658 15800
659 14700
660 14700
661 14700
662 14700
663 14700
664 14900
665 15700
666 14600
667 14700
668 14500
669 14700
670 14700
671 14700
672 14600
673 14600
674 14700
675 14700
676 14900
677 14800
678 15800
679 15000
680 15000
681 14700
682 92400
683 15300
684 14900
685 14900
686 14700
687 14900
688 14700
689 14700
690 19600
691 14600
692 15800
693 14600
694 14700
695 14900
696 14800
697 14700
698 14900
699 14800
700 14700
701 14800
702 14600
703 14500
704 14700
705 14700
706 14600
707 14800
708 14600
709 14600
710 14700
711 14700
712 14600
713 14700
714 14800
715 14500
716 14700
717 14600
718 14500
719 14500
720 14600
721 15700
722 14700
723 14600
724 14600
725 14700
726 14700
727 15200
728 14900
729 14800
730 14700
731 14700
732 14700
733 14600
734 15200
735 80600
736 14900
737 14700
738 14700
739 14600
740 14700
741 14600
742 15800
743 14800
744 14700
745 14700
746 14600
747 14800
748 14500
749 14700
750 14700
751 14700
752 14700
753 14600
754 14600
755 14600
756 14600
757 14700
758 14600
759 14700
760 14700
761 14600
762 26300
763 22600
764 17600
765 15600
766 15000
767 14800
768 14900
769 14700
770 14800
771 14900
772 14600
773 14700
774 14700
775 14600
776 14700
777 14600
778 14500
779 28900
780 22200
781 24800
782 16400
783 15300
784 15300
785 14900
786 14800
787 14700
788 15000
789 14900
790 14700
791 14800
792 14700
793 14900
794 14700
795 15200
796 15800
797 14600
798 14700
799 14700
800 14800
801 14500
802 14800
803 14900
804 14700
805 14700
806 14800
807 14800
808 14800
809 14800
810 14800
811 14800
812 14700
813 14800
814 14700
815 14700
816 14700
817 14700
818 14700
819 14600
820 14700
821 14700
822 14800
823 14900
824 14700
825 14700
826 14800
827 14700
828 14700
829 14800
830 14800
831 14600
832 14700
833 14700
834 14800
835 14700
836 14700
837 14600
838 14700
839 14700
840 14700
841 14700
842 14600
843 14700
844 14700
845 14600
846 14700
847 14700
848 14600
849 14700
850 14800
851 14600
852 14800
853 14700
854 14700
855 14800
856 14700
857 14600
858 14700
859 14700
860 14600
861 14600
862 14600
863 14600
864 14600
865 14600
866 14700
867 24200
868 16400
869 15300
870 14900
871 14900
872 14700
873 14900
874 15200
875 14700
876 14800
877 14700
878 14900
879 14800
880 14900
881 14700
882 14900
883 14700
884 14700
885 14700
886 14600
887 14800
888 14800
889 15200
890 14600
891 14800
892 14800
893 14800
894 14800
895 14900
896 14900
897 14700
898 14800
899 14800
900 14800
901 14800
902 14700
903 14700
904 14900
905 14700
906 14700
907 14800
908 14700
909 14800
910 14700
911 14700
912 14800
913 14700
914 14800
915 14600
916 14600
917 14800
918 14900
919 14700
920 15600
921 22100
922 15800
923 14800
924 14900
925 14900
926 14800
927 14700
928 14800
929 14800
930 14800
931 14900
932 14700
933 14700
934 14700
935 14700
936 14900
937 14600
938 14700
939 14700
940 14800
941 15000
942 14700
943 14700
944 14700
945 14600
946 14600
947 14800
948 14700
949 14700
950 14800
951 14800
952 14900
953 14700
954 14600
955 14800
956 14600
957 14700
958 14800
959 14600
960 14600
961 14800
962 14700
963 14800
964 14700
965 14600
966 14700
967 14700
968 14700
969 14700
970 14700
971 14900
972 14700
973 14700
974 14600
975 14600
976 14700
977 14700
978 14600
979 14700
980 14600
981 14700
982 14600
983 14600
984 14600
985 14700
986 14600
987 14700
988 14700
989 14700
990 14700
991 14600
992 14600
993 14800
994 14600
995 14600
996 14900
997 14700
998 14800
999 14700
1000 14600
