99983
99983
99940
99850
99812
99701
99660
99645
99635
99629
99329
99241
99162
99109
99093
99079
98947
98944
98941
98903
98592
98563
98504
98471
98268
98233
98225
98154
98073
97697
97414
97291
97273
97208
97187
97076
97015
96954
96524
96480
96356
96318
96227
96162
96066
95925
95827
95774
95736
95684
95641
95617
95544
95542
95502
95473
95472
95449
95440
95308
95294
95275
95249
95013
94837
94740
94669
94667
94555
94456
94442
94429
94169
94034
93981
93959
93866
93809
93769
93661
93640
93589
93581
93332
93144
93088
93085
93076
93071
93067
93053
92995
92917
92822
92804
92625
92622
92578
92473
92458
92451
92429
92404
92290
92052
91949
91947
91902
91899
91858
91845
91837
91655
91336
91180
91158
91146
91121
91073
90959
90959
90907
90713
90645
90522
90310
90186
90177
90131
90120
89713
89490
89452
89436
89328
89221
89216
89144
89097
89003
88605
88593
88571
88544
88523
88377
88222
88121
88099
88017
87919
87579
87528
87509
87334
87317
87245
87224
87195
87155
86968
86960
86892
86815
86802
86788
86787
86780
86709
86670
86649
86480
86333
86159
86072
85914
85854
85827
85823
85790
85648
85590
85511
85461
85356
85301
85220
85153
85128
85124
85038
85008
84867
84816
84786
84675
84572
84478
84444
84346
84336
84327
84218
84188
84072
84066
83851
83808
83515
83381
83372
83318
83211
82997
82933
82841
82696
82670
82602
82591
82483
82338
82293
82187
82099
82092
82091
81979
81932
81788
81773
81740
81500
81440
81310
81300
81213
81128
81107
81102
80883
80627
80483
80471
80235
80170
80152
80141
80110
80098
80095
80073
80056
79961
79779
79738
79580
79428
79392
79338
79274
79271
79187
79166
79015
78963
78749
78666
78585
78580
78370
78280
78156
78131
77985
77944
77812
77723
77497
77399
77328
77273
77193
77189
77188
77170
77135
77071
76992
76837
76621
76458
76445
76429
76310
76304
76060
75781
75594
75562
75498
75159
75081
75078
75046
74941
74815
74727
74717
74629
74570
74560
74530
74449
74426
74291
74194
74132
73940
73861
73801
73797
73778
73740
73692
73671
73566
73496
73455
73317
73274
73185
73134
73000
72981
72973
72963
72926
72911
72594
72528
72207
72166
72122
72064
71982
71981
71839
71723
71579
71507
71244
71193
71165
70981
70918
70893
70881
70845
70716
70419
70408
70326
69835
69765
69474
69433
69164
69161
69140
69120
69089
69017
68840
68721
68626
68625
68612
68405
68286
68277
68276
68190
67858
67809
67786
67759
67657
67655
67569
67527
67306
67172
66956
66843
66770
66734
66704
66656
66519
66322
66301
66272
66206
66166
65979
65680
65587
65572
65314
65293
65114
65095
65078
64982
64919
64623
64487
64392
64385
64336
64278
64223
64160
64127
63903
63872
63814
63746
63739
63546
63097
63029
62941
62910
62709
62584
62416
62375
62370
62230
62228
62217
62130
61970
61700
61643
61627
61554
61457
61355
61223
61198
61116
61106
61100
60913
60771
60449
60400
60345
60281
60246
60198
59916
59687
59522
59501
59461
59438
59391
59003
58814
58808
58792
58517
58293
58238
58213
58191
58061
58033
57867
57605
57601
57531
57474
57336
57313
57118
57013
56992
56967
56773
56608
56565
56539
56281
56182
56035
56016
55677
55527
55515
55254
55194
55192
55151
54927
54809
54678
54606
54576
54531
54530
54508
54265
54217
53969
53872
53703
53689
53599
53452
53335
52969
52849
52836
52810
52671
52626
52624
52591
52524
52500
52492
52475
52399
52395
52313
52284
52172
52152
52121
52097
52042
51948
51898
51866
51784
51780
51536
51457
51434
51395
51344
51274
51198
51094
51038
50976
50688
50658
50654
50454
50427
50328
50227
50189
50185
50171
50057
49912
49894
49805
49713
49703
49657
49626
49387
49300
49264
49248
49216
49033
48992
48340
48334
48333
48315
48182
48127
48087
48054
47992
47895
47891
47765
47712
47243
47167
47073
46972
46906
46886
46883
46743
46605
46466
46444
46405
46351
46197
46108
46104
46071
46012
45970
45948
45891
45870
45857
45760
45720
45639
45531
45486
45480
45208
45152
45087
44942
44771
44758
44690
44682
44644
44637
44619
44505
44219
44195
44097
44053
43882
43727
43562
43124
43076
43036
43015
42854
42848
42758
42707
42652
42592
42544
42423
42255
42151
42113
41934
41833
41677
41614
41594
41444
41203
40926
40702
40688
40678
40668
40520
40455
40423
40422
40410
40377
40225
40193
40175
39688
39586
39449
39304
39181
38943
38722
38677
38620
38451
38425
38184
38145
38041
37952
37706
37559
37410
37367
37362
37323
37264
37140
37105
37096
37084
37076
36878
36870
36793
36728
36635
36631
36402
36267
36181
36024
35807
35688
35685
35581
35381
35354
35303
35183
35066
35047
34891
34875
34874
34870
34785
34740
34702
34679
34643
34627
34550
34539
34506
34195
34057
34049
34042
33978
33934
33865
33824
33642
33599
33591
33516
33228
33193
33128
32874
32838
32646
32395
32204
32180
32135
32128
32013
31945
31925
31841
31836
31825
31705
31583
31551
31492
31421
31269
31268
31161
31151
31129
31011
30773
30731
30681
30377
30301
30257
30229
30188
30141
30024
29680
29541
29507
29460
29444
29375
29263
29196
29125
29023
28980
28734
28712
28712
28665
28635
28525
28406
28379
28370
28354
28153
28102
28053
27826
27584
27269
27226
27116
27103
26925
26830
26815
26751
26688
26626
26587
26256
26223
26061
25990
25957
25875
25831
25691
25552
25543
25542
25536
25433
25356
25143
24825
24765
24456
24408
24353
24302
24181
24121
24106
24058
24010
23802
23550
23532
23321
23298
23292
23139
23096
23088
23031
23016
22972
22790
22647
22613
22192
22106
22002
21847
21782
21644
21562
21456
20948
20881
20777
20609
20605
20543
20533
20155
20149
20127
20092
20047
19879
19865
19848
19829
19819
19738
19686
19611
19443
19362
19351
19330
19311
19075
18896
18830
18729
18690
18561
18549
18489
18430
18404
18347
18311
18273
18173
18102
18047
18039
18028
17795
17741
17651
17600
17362
17133
17010
17001
16708
16608
16384
16338
16309
16238
16220
16081
15963
15761
15692
15684
15580
15437
15423
15404
15285
15259
15213
15192
15180
15015
14985
14932
14899
14407
14315
14242
14197
14168
13731
13545
13500
13496
13457
13298
13287
13277
13271
13156
13107
12778
12639
12564
12548
12519
12446
12348
12251
12005
11871
11846
11612
11580
11522
11510
11423
11404
11330
11208
11156
11146
10909
10842
10788
10713
10576
10404
10078
10024
