1 602200
2 616400
3 270600
4 118300
5 122500
6 122000
7 119100
8 118800
9 118800
10 122800
11 116800
12 117800
13 117600
14 117600
15 117400
16 119000
17 117100
18 119000
19 122300
20 117100
21 127200
22 128900
23 119000
24 119000
25 118500
26 117500
27 169600
28 153300
29 146400
30 149100
31 145800
32 154700
33 144000
34 209600
35 143700
36 151000
37 150000
38 154500
39 85600
40 80300
41 78700
42 109000
43 129300
44 149800
45 121600
46 86900
47 109600
48 79600
49 97900
50 143400
51 80700
52 79700
53 78500
54 77500
55 110600
56 77700
57 77700
58 99100
59 78800
60 109100
61 82000
62 90500
63 91200
64 105500
65 88900
66 88400
67 92000
68 113100
69 92500
70 101300
71 89700
72 78000
73 106500
74 88200
75 88200
76 76500
77 97500
78 88900
79 87200
80 78200
81 114600
82 92700
83 117000
84 89300
85 77700
86 107900
87 90300
88 89000
89 86800
90 91300
91 88900
92 89500
93 77200
94 116400
95 93100
96 103000
97 183400
98 81000
99 110400
100 91700
101 95800
102 87400
103 96200
104 93400
105 86400
106 74700
107 109900
108 87800
109 98600
110 86300
111 81500
112 101800
113 85000
114 93200
115 85500
116 87500
117 87300
118 85300
119 71900
120 128800
121 113900
122 124100
123 93300
124 75700
125 120700
126 85800
127 116300
128 89000
129 92000
130 88500
131 85200
132 72700
133 110500
134 93700
135 98700
136 89400
137 75300
138 107100
139 87300
140 89200
141 84700
142 60600
143 55700
144 52000
145 55300
146 51100
147 54600
148 55500
149 55000
150 54200
151 50400
152 54000
153 52300
154 53400
155 54300
156 53400
157 62900
158 54700
159 90100
160 53600
161 51400
162 54000
163 52100
164 52600
165 51900
166 50800
167 52200
168 53600
169 50500
170 52900
171 50400
172 50800
173 51500
174 50400
175 50900
176 52000
177 50700
178 50900
179 49900
180 51600
181 51200
182 50400
183 52100
184 50700
185 51500
186 49900
187 50400
188 52300
189 51100
190 50500
191 51700
192 50700
193 51200
194 127700
195 51200
196 51700
197 50400
198 50200
199 52600
200 50600
201 51300
202 50400
203 51600
204 50300
205 51600
206 50100
207 50000
208 51400
209 50500
210 51400
211 51000
212 925100
213 52500
214 51600
215 52000
216 51900
217 51500
218 52000
219 51700
220 51000
221 51900
222 50800
223 50300
224 51300
225 50500
226 52800
227 51400
228 50900
229 57900
230 53300
231 50000
232 51200
233 50800
234 51600
235 71800
236 51400
237 52100
238 50100
239 50900
240 50100
241 50000
242 51400
243 50500
244 51300
245 1740900
246 47300
247 46000
248 45400
249 45400
250 54300
251 52100
252 52900
253 52700
254 52400
255 42800
256 43000
257 43300
258 43200
259 43000
260 47300
261 44300
262 43100
263 42500
264 42400
265 42400
266 42200
267 42600
268 42300
269 42900
270 42600
271 43000
272 42900
273 42500
274 43000
275 43700
276 42500
277 42100
278 41800
279 42500
280 44400
281 42300
282 42900
283 43000
284 42000
285 42500
286 42400
287 42200
288 42100
289 42900
290 42100
291 50700
292 43800
293 43700
294 43500
295 44100
296 42700
297 42600
298 42800
299 42500
300 42500
301 42300
302 42300
303 42100
304 41900
305 42200
306 42500
307 42700
308 42700
309 42100
310 42300
311 42200
312 42200
313 42400
314 42900
315 42200
316 42400
317 42400
318 43100
319 43200
320 42100
321 42200
322 43000
323 42300
324 42200
325 42100
326 42300
327 42100
328 42100
329 42100
330 42100
331 43500
332 42100
333 42100
334 41900
335 42200
336 41800
337 42900
338 42200
339 42600
340 42600
341 42900
342 49600
343 42500
344 42300
345 42400
346 42600
347 42600
348 42500
349 46900
350 42700
351 42200
352 42200
353 42300
354 42200
355 42500
356 42100
357 43300
358 42300
359 42100
360 42000
361 42800
362 42500
363 43800
364 42600
365 43100
366 42500
367 42000
368 49700
369 42200
370 42100
371 42300
372 42200
373 41500
374 41800
375 41900
376 42000
377 42000
378 42300
379 80700
380 49100
381 45400
382 46200
383 43500
384 43500
385 43100
386 43100
387 43400
388 42700
389 42700
390 43000
391 42300
392 46100
393 42200
394 42300
395 42500
396 41900
397 42200
398 42000
399 42400
400 43200
401 42400
402 42100
403 41900
404 42200
405 42000
406 66000
407 42600
408 44400
409 42400
410 42100
411 42600
412 41800
413 42300
414 42300
415 42500
416 41700
417 42000
418 42500
419 41900
420 42600
421 43800
422 42300
423 42400
424 42300
425 59900
426 59900
427 45500
428 44300
429 43900
430 43100
431 42700
432 42900
433 42200
434 52100
435 46500
436 46900
437 44900
438 44500
439 44400
440 44100
441 44100
442 43700
443 43800
444 43600
445 43800
446 43400
447 43100
448 43600
449 43100
450 43500
451 43400
452 43700
453 43600
454 43400
455 43300
456 46400
457 43300
458 44000
459 44300
460 43800
461 43700
462 43600
463 43700
464 44400
465 43400
466 43300
467 43800
468 43500
469 44500
470 46700
471 43500
472 45000
473 43400
474 43900
475 43200
476 43500
477 43400
478 51700
479 51300
480 51200
481 50800
482 52600
483 52300
484 52500
485 52400
486 51300
487 52400
488 51800
489 50700
490 51300
491 51200
492 50400
493 53500
494 52200
495 51000
496 51000
497 50400
498 51000
499 51000
500 50500
501 51400
502 51200
503 51100
504 53600
505 52000
506 52200
507 51200
508 51700
509 51900
510 51500
511 51700
512 51800
513 53400
514 54100
515 52200
516 51200
517 51300
518 51200
519 51400
520 51200
521 51000
522 51000
523 52100
524 51500
525 52500
526 53200
527 51200
528 50800
529 51900
530 52400
531 52800
532 53300
533 50900
534 51200
535 51100
536 51600
537 52200
538 50600
539 52500
540 51900
541 52000
542 57400
543 53300
544 50600
545 50100
546 54600
547 53000
548 53300
549 53200
550 53100
551 51500
552 51200
553 51600
554 53600
555 52200
556 52500
557 52700
558 55100
559 52400
560 51000
561 50800
562 53500
563 53100
564 53900
565 51900
566 51300
567 50800
568 52100
569 51800
570 55800
571 50700
572 56400
573 53400
574 52100
575 51000
576 53900
577 52500
578 50600
579 50700
580 52100
581 53200
582 51100
583 51000
584 56400
585 53600
586 51800
587 51800
588 58100
589 56800
590 55000
591 51400
592 51100
593 52300
594 50500
595 51400
596 52500
597 50800
598 50700
599 51500
600 51000
601 51100
602 50800
603 52000
604 51600
605 51400
606 50600
607 51000
608 52700
609 50400
610 50900
611 52300
612 50400
613 52100
614 51700
615 54300
616 52500
617 51900
618 51800
619 51000
620 50700
621 50200
622 50300
623 52000
624 50700
625 51900
626 51200
627 53700
628 51200
629 51300
630 52600
631 51800
632 52400
633 50700
634 51900
635 50900
636 50700
637 51000
638 50800
639 51800
640 50800
641 51300
642 51800
643 52500
644 53200
645 51900
646 49500
647 47400
648 47300
649 46700
650 46700
651 48200
652 46900
653 46300
654 52400
655 46200
656 46900
657 44100
658 44000
659 43400
660 43300
661 43700
662 43400
663 43300
664 43000
665 43100
666 43600
667 43400
668 43000
669 44100
670 43300
671 44600
672 43300
673 43300
674 43000
675 43200
676 43400
677 43400
678 45300
679 43900
680 43600
681 43100
682 43300
683 43400
684 43300
685 43200
686 43300
687 43500
688 43100
689 43100
690 49600
691 43600
692 43400
693 43100
694 43200
695 42900
696 43500
697 43600
698 44100
699 43100
700 43300
701 43300
702 43300
703 42700
704 82600
705 49100
706 45900
707 45400
708 48000
709 44200
710 44100
711 43500
712 43900
713 44300
714 44000
715 43500
716 43800
717 43700
718 44100
719 43500
720 43500
721 44200
722 44000
723 43900
724 43600
725 43400
726 43500
727 43600
728 43700
729 44300
730 44300
731 44700
732 43700
733 43900
734 43500
735 43500
736 43300
737 43400
738 44900
739 43700
740 43700
741 43500
742 43900
743 43400
744 43300
745 43300
746 43400
747 43300
748 43600
749 43200
750 43300
751 44800
752 43600
753 43100
754 43700
755 45000
756 43700
757 44000
758 43800
759 43300
760 44000
761 43400
762 43100
763 43600
764 43900
765 43600
766 43700
767 43900
768 43600
769 43100
770 45100
771 43300
772 44500
773 43100
774 43200
775 43300
776 43500
777 43600
778 43100
779 43200
780 43600
781 44200
782 43800
783 43500
784 43500
785 43800
786 43400
787 43500
788 43500
789 44500
790 43800
791 44100
792 43700
793 43700
794 43300
795 43600
796 43700
797 43500
798 44200
799 43700
800 43500
801 43800
802 43300
803 43200
804 43200
805 43500
806 44600
807 43000
808 43400
809 43400
810 43300
811 43500
812 43500
813 43700
814 43700
815 44100
816 44000
817 43200
818 43500
819 43600
820 44100
821 43400
822 50500
823 49000
824 44200
825 44200
826 44500
827 44100
828 43800
829 44100
830 43500
831 43500
832 43700
833 43400
834 43200
835 43200
836 43600
837 43600
838 43700
839 44100
840 43300
841 43200
842 44400
843 43400
844 43400
845 43600
846 43400
847 43300
848 43600
849 43700
850 43300
851 43000
852 43900
853 44100
854 43500
855 44900
856 43800
857 43600
858 43500
859 43300
860 43400
861 43200
862 43300
863 43300
864 43500
865 43600
866 43200
867 43400
868 43300
869 43700
870 43500
871 43400
872 43800
873 43200
874 43900
875 43200
876 43000
877 43600
878 43200
879 43500
880 43700
881 52500
882 52500
883 52600
884 52400
885 52100
886 56300
887 51800
888 51000
889 51300
890 51300
891 51600
892 51200
893 52000
894 43500
895 44100
896 43300
897 43100
898 43800
899 44700
900 43800
901 43900
902 43800
903 43600
904 43500
905 43900
906 43300
907 43200
908 43500
909 44000
910 43500
911 43400
912 43600
913 43700
914 43600
915 43800
916 45100
917 43100
918 43900
919 43400
920 43500
921 43600
922 43500
923 43200
924 43900
925 43900
926 43600
927 43900
928 43300
929 43400
930 43000
931 42800
932 44900
933 43400
934 43300
935 43300
936 43300
937 43600
938 45400
939 44500
940 44300
941 44500
942 44400
943 44000
944 45100
945 43800
946 43500
947 43800
948 44400
949 43300
950 43500
951 44000
952 44100
953 55000
954 70500
955 71300
956 68300
957 47000
958 46400
959 45800
960 44600
961 54300
962 68000
963 54800
964 65800
965 47100
966 45600
967 44200
968 44700
969 44000
970 44500
971 43400
972 43400
973 43000
974 43500
975 43300
976 43700
977 43900
978 43600
979 43900
980 43200
981 43800
982 43300
983 43100
984 43200
985 43600
986 43700
987 43700
988 43600
989 43300
990 43600
991 43100
992 43300
993 43600
994 45300
995 44100
996 43200
997 43200
998 43200
999 43700
1000 43200
