17362
54049
16390
81707
47296
94953
39639
57329
57205
84426
55038
25652
94068
66673
30576
75942
82233
15933
53071
28964
28835
31412
83622
31472
61442
89144
14443
65613
53259
92352
29985
10299
91047
41832
87306
17473
67665
44809
49699
41214
87744
58589
56484
31825
36892
61401
41666
65193
67756
52841
86109
33275
18690
67698
64377
83395
97175
61915
79287
43661
10910
37516
33009
42177
92740
86932
60306
64731
28798
25918
60953
64919
74848
90168
54841
74560
52245
99024
61781
35573
31727
19734
26026
13342
41185
50185
12022
95588
78057
67675
21700
79138
64238
88183
77851
15225
45708
97583
91660
74644
17549
24048
29069
66119
35866
81933
30970
48534
77784
79833
46136
33532
24706
80279
46658
94725
92230
91753
24443
59799
29024
78230
53075
47545
58472
77309
42079
27689
69077
72220
50489
28420
76142
24526
26527
49868
94280
13642
26308
75557
35089
14262
73870
46709
28469
13737
43908
45143
33260
43960
29043
31469
98798
24332
85757
70236
12907
48288
39149
99948
97877
88026
71733
44812
98552
93945
47108
10249
17858
47991
24420
44716
89176
25809
22091
37111
17741
42310
80662
35860
90388
63658
33418
63018
37185
38812
30519
83031
74240
34472
18173
12186
65209
15180
43199
89100
20177
12973
51884
36017
63053
69028
86287
20651
78548
90868
57178
50013
43471
37091
81547
43084
34542
93179
34739
97770
35447
56040
40121
89465
16907
87231
11708
69828
14385
56938
94989
90098
63799
37782
60534
17272
33202
70862
95887
56201
60310
89950
84662
48701
11473
63047
71218
96772
33951
95029
99912
86861
74207
95326
63594
36913
91636
41173
99369
45381
25029
39939
71800
82861
81503
42264
68238
27103
38121
75967
25039
51880
23146
50651
41139
78388
60817
44701
75818
63169
94883
17876
52941
95367
32932
16167
35668
79670
11692
96496
64734
61402
63062
88988
20494
19154
82019
57309
72620
86661
99239
50797
19117
67802
38115
41768
52087
60186
89380
35595
83931
72126
50182
67979
89758
41544
90640
35193
94739
74335
76744
74488
11201
39963
75726
36511
71876
28696
76287
69288
70751
90112
81580
51838
39529
84891
73820
26928
43186
29131
38498
88000
58766
71500
62073
18787
65870
18056
22277
92575
67437
38789
99521
72860
22656
24702
92584
89759
77071
57057
95852
80853
64816
29288
34720
11529
61186
77445
24091
64330
65980
52044
10297
92800
31939
13249
56932
89909
64156
35601
34191
36578
45055
80825
21135
61098
80869
82095
67529
34327
83835
34468
82044
39643
26452
62071
38828
98255
45434
53529
55804
40921
18724
75332
29682
33720
76892
31113
60326
35027
36856
36762
67578
73536
52825
48656
13389
67087
23393
42983
87816
10361
16965
48088
14847
51881
28301
82535
59794
84546
16429
55885
28826
93965
14720
79839
31365
26704
72789
31936
43363
35261
91293
22897
60050
57180
98592
57255
27202
29916
13920
71996
42178
76875
35621
84921
50093
98064
72020
17871
31950
46246
48956
26896
59200
98918
54635
57220
33948
56820
62581
29486
50664
45862
40599
42798
67585
93798
93368
32939
15901
16012
13483
55151
66115
50792
82128
31713
55164
56303
73565
33824
38821
99426
68490
74528
76540
37219
59777
83707
88190
86921
67271
21547
23419
23437
40293
10142
57576
88505
65128
21935
75409
58852
19411
49763
20367
49554
92033
91837
93544
23243
89194
11742
57510
40796
12060
38862
62899
13840
73922
33947
13209
57886
55617
83416
63814
59984
98719
38279
73175
11323
36965
55459
28935
63405
55452
86899
49972
45941
60831
65913
64894
68284
35942
31067
53202
43594
88477
67209
50463
32296
32122
44544
36684
94885
20905
56365
49190
51130
14499
28277
21394
17770
22192
33214
18597
74948
32767
73485
61135
57922
13611
79076
10766
96460
30141
30973
94667
90187
93661
11825
79821
66023
18123
58522
50786
57542
45401
74556
35598
22572
83133
26208
78419
54493
98709
36873
60798
54781
90536
64213
98509
83661
19449
16588
52761
18834
24786
47168
55098
63993
63237
86274
38270
36107
81743
67399
15922
78171
45077
70610
94675
73631
28467
27626
40003
45225
40859
24215
72418
20546
46890
89704
15629
28495
47574
96367
84493
81051
35217
60900
48140
13594
61141
57717
13676
63730
60508
44543
66380
15922
82770
98004
35651
72309
51294
29114
18106
97732
35560
46131
87821
41931
64112
89391
77015
72966
35274
47551
74208
32830
86982
63067
55649
77491
39424
15774
29821
16006
95141
32157
67966
16095
97545
25391
46027
34617
28741
60448
61836
48042
80143
46741
84242
13342
35564
77909
75511
22749
99311
82981
16051
13513
73471
23354
98190
12177
78408
92344
43964
81021
51563
17185
85830
90819
21942
34594
76478
58382
39069
68818
71099
31178
56293
70119
83000
91300
25222
71593
98660
10125
50515
55151
96231
89567
81641
54374
59382
70559
53032
10387
42487
29378
82374
98019
66022
78185
56129
49743
52454
64650
84767
50317
53021
77791
61810
11432
45373
71131
41144
23335
86222
89877
38045
35545
14082
31981
74142
80008
69471
32009
77920
70627
86114
25157
30877
72216
90084
54439
17815
78369
31936
96052
16369
21284
29645
82450
27365
70639
72270
43941
64925
77216
62035
53841
56658
93524
97708
82772
76904
58580
88418
82911
57907
30400
50027
39294
24091
11027
35127
67526
49491
83141
45469
13040
23681
92588
32961
79623
40676
34388
31944
75493
88165
78875
63307
93771
67572
44441
49825
92217
74596
62756
73713
55077
46555
56119
72457
47973
15620
16846
71971
56181
86423
55902
35941
13462
11603
78662
34422
56202
43040
93570
33961
84303
73975
71897
67301
94498
99104
76995
87513
44396
68156
18527
51863
21164
92596
19346
48362
90879
50704
17220
50753
25435
77676
47872
72234
54641
75709
96966
21922
60732
43665
89505
27985
56053
62970
57720
27790
13859
90735
20865
81265
69417
99402
56333
89219
97923
16873
23496
51526
30072
54615
50690
66815
97355
47194
65142
72482
51798
48407
40447
25768
70084
89690
70402
19224
58135
86267
65661
38736
92955
53557
97490
26436
22718
48241
67579
60724
28305
86864
46078
24750
21862
68750
38451
30768
83447
27015
82526
87859
76214
67466
45425
94344
92929
89505
32554
42160
11604
83884
26214
66395
40696
37050
72524
50508
57500
42478
85162
32878
77097
14040
90705
23757
21029
74492
73167
90239
71240
51257
36484
30716
86743
37750
88204
50706
73213
55260
28352
23405
42720
25192
64320
15688
86130
79236
33499
62811
20380
86489
22255
