1 511600
2 135100
3 125400
4 122000
5 114800
6 119600
7 129800
8 115300
9 145300
10 194900
11 129000
12 127500
13 124900
14 129200
15 116500
16 123600
17 127700
18 126100
19 125400
20 129900
21 121600
22 119100
23 123400
24 122300
25 128900
26 118000
27 118400
28 118900
29 116500
30 116500
31 117900
32 117700
33 120900
34 118400
35 105300
36 87300
37 86200
38 85000
39 86400
40 86800
41 86500
42 88900
43 85200
44 91000
45 84200
46 84600
47 85700
48 85600
49 87800
50 85100
51 108800
52 93700
53 83100
54 85500
55 84000
56 83800
57 82200
58 87100
59 87700
60 87300
61 84500
62 83700
63 84400
64 84000
65 84700
66 95700
67 90300
68 89500
69 84500
70 84900
71 94600
72 95600
73 101700
74 92200
75 86100
76 82800
77 85600
78 83800
79 92800
80 83300
81 85800
82 83200
83 83900
84 86300
85 91900
86 90800
87 86900
88 84400
89 95300
90 95300
91 85000
92 85600
93 87300
94 92900
95 87800
96 98300
97 92800
98 85200
99 90100
100 91800
101 113500
102 127400
103 128100
104 143700
105 137300
106 124000
107 94500
108 112400
109 109100
110 85200
111 90700
112 85900
113 86400
114 97100
115 85800
116 89400
117 87700
118 86800
119 84200
120 90700
121 86400
122 84300
123 91900
124 87000
125 83700
126 85000
127 83300
128 85600
129 86300
130 86600
131 86100
132 88100
133 84800
134 84100
135 85200
136 85200
137 82700
138 85800
139 83400
140 88000
141 86800
142 86000
143 85400
144 83600
145 86900
146 85800
147 84900
148 89500
149 85500
150 85000
151 86400
152 85400
153 83700
154 85300
155 84700
156 87100
157 85700
158 85100
159 92000
160 90000
161 1937200
162 61900
163 61800
164 73200
165 91300
166 95900
167 93800
168 62100
169 61400
170 60800
171 61600
172 60600
173 61300
174 60400
175 60500
176 60100
177 60900
178 60600
179 60700
180 62100
181 60700
182 60700
183 61000
184 60300
185 67600
186 63900
187 70500
188 61200
189 61500
190 60100
191 60200
192 61200
193 60400
194 61000
195 60100
196 60500
197 60800
198 60800
199 60200
200 75300
201 62700
202 59800
203 55900
204 60800
205 55900
206 55500
207 54700
208 55000
209 55500
210 55300
211 54400
212 55600
213 57500
214 54500
215 54600
216 55100
217 54300
218 58400
219 56700
220 56000
221 56000
222 55600
223 55300
224 55000
225 54400
226 56300
227 54900
228 54700
229 54100
230 57700
231 55000
232 54000
233 54400
234 55100
235 54500
236 54200
237 53600
238 54700
239 54900
240 56700
241 54300
242 54800
243 54600
244 57400
245 54800
246 55700
247 55000
248 54700
249 54800
250 55300
251 54900
252 54200
253 54600
254 55100
255 55500
256 55000
257 54600
258 57300
259 55800
260 55300
261 54600
262 55100
263 55600
264 54600
265 54200
266 54500
267 57300
268 54500
269 55700
270 53900
271 54900
272 54400
273 53800
274 54200
275 54900
276 54500
277 55100
278 54900
279 55100
280 54800
281 54500
282 54800
283 55000
284 54800
285 57100
286 58800
287 57500
288 55100
289 54900
290 55000
291 55700
292 56200
293 54700
294 54800
295 57700
296 55200
297 54500
298 55000
299 55800
300 55200
301 61600
302 54000
303 53800
304 55100
305 54600
306 54800
307 54700
308 55600
309 54300
310 54600
311 54100
312 55100
313 53800
314 53800
315 54200
316 87800
317 86000
318 89300
319 80700
320 87700
321 82000
322 82100
323 80700
324 83300
325 81000
326 80300
327 83600
328 82200
329 81600
330 84700
331 79900
332 79000
333 80100
334 79900
335 81600
336 79000
337 77900
338 77100
339 78600
340 83400
341 80700
342 79500
343 79000
344 83100
345 80100
346 81500
347 79400
348 80000
349 81100
350 79000
351 79400
352 83100
353 96900
354 81800
355 79700
356 80400
357 78900
358 85800
359 83500
360 79500
361 79200
362 78400
363 95300
364 79700
365 81500
366 79700
367 77400
368 77300
369 80400
370 79300
371 80000
372 92200
373 78700
374 78200
375 77600
376 78700
377 82500
378 79300
379 79400
380 79300
381 79900
382 80600
383 78600
384 113300
385 126600
386 128500
387 126700
388 126000
389 84000
390 83600
391 81300
392 82200
393 80000
394 86900
395 83100
396 82700
397 80700
398 78900
399 78600
400 82100
401 89300
402 80900
403 82400
404 79000
405 84500
406 85900
407 85400
408 80900
409 85300
410 85600
411 79800
412 89500
413 86700
414 88500
415 82700
416 87400
417 81900
418 84000
419 85200
420 88600
421 84000
422 78100
423 79300
424 81800
425 92800
426 79800
427 80100
428 81800
429 64100
430 60800
431 59800
432 58600
433 64500
434 120100
435 106600
436 103900
437 143600
438 98700
439 105200
440 99600
441 100000
442 96600
443 101100
444 92800
445 97600
446 97200
447 58000
448 56400
449 55900
450 58000
451 54600
452 54600
453 54600
454 54200
455 54800
456 54900
457 57700
458 53900
459 54100
460 54000
461 53300
462 53400
463 53700
464 56400
465 53500
466 53400
467 53700
468 53700
469 53800
470 53600
471 55800
472 53700
473 53400
474 53300
475 53200
476 53300
477 53900
478 55600
479 53300
480 53300
481 53900
482 53900
483 52700
484 53500
485 55400
486 54300
487 54200
488 53500
489 53400
490 53400
491 53600
492 55200
493 53400
494 54400
495 53400
496 53700
497 53600
498 53700
499 55200
500 53700
501 54100
502 53500
503 53600
504 53400
505 53800
506 56000
507 53700
508 53200
509 53900
510 53300
511 53200
512 55200
513 57000
514 53900
515 53600
516 53900
517 53800
518 54100
519 56000
520 54700
521 53700
522 54200
523 53500
524 53600
525 54200
526 54100
527 56200
528 53700
529 53300
530 54100
531 53700
532 53900
533 54800
534 54800
535 53500
536 52800
537 52900
538 53500
539 53600
540 53800
541 54800
542 53800
543 53600
544 54100
545 53500
546 53700
547 55400
548 54400
549 53900
550 53300
551 54000
552 53800
553 53800
554 53500
555 55500
556 53400
557 53800
558 53900
559 53400
560 54200
561 54000
562 55100
563 53800
564 53900
565 54100
566 53000
567 53600
568 53500
569 55300
570 53800
571 53500
572 52700
573 53600
574 53000
575 53500
576 54400
577 53500
578 53900
579 53500
580 53500
581 53400
582 53100
583 55300
584 53700
585 52900
586 53200
587 53300
588 53600
589 77600
590 77700
591 78200
592 79300
593 76800
594 77900
595 77300
596 78100
597 76300
598 54700
599 54800
600 53800
601 53700
602 53500
603 53700
604 54700
605 53500
606 53700
607 53300
608 53200
609 54000
610 53500
611 55000
612 53500
613 53800
614 53700
615 53800
616 53200
617 53400
618 54600
619 94300
620 94000
621 98200
622 97700
623 82900
624 58400
625 63800
626 55200
627 54700
628 81900
629 82600
630 83800
631 82700
632 65000
633 91200
634 88900
635 60400
636 90900
637 71100
638 56800
639 66700
640 61100
641 55300
642 54700
643 54500
644 54300
645 53800
646 55500
647 53500
648 53700
649 53800
650 53500
651 53500
652 53800
653 57600
654 53500
655 53900
656 54100
657 58700
658 53500
659 53200
660 54100
661 53400
662 53900
663 55400
664 79200
665 53400
666 53800
667 56700
668 53200
669 52900
670 53100
671 54500
672 54300
673 53800
674 54200
675 53800
676 53400
677 53100
678 53000
679 53800
680 53700
681 53500
682 53500
683 61900
684 55300
685 56000
686 54200
687 54400
688 53800
689 53700
690 53800
691 54300
692 54000
693 53400
694 53500
695 53900
696 54200
697 53300
698 54200
699 55600
700 54500
701 53400
702 53300
703 53200
704 53300
705 53700
706 53100
707 53700
708 53400
709 76800
710 76900
711 77300
712 76700
713 78100
714 77500
715 78000
716 78000
717 78400
718 78200
719 77600
720 79000
721 77900
722 80300
723 78500
724 77900
725 77600
726 78000
727 77500
728 78000
729 79500
730 78600
731 77700
732 78400
733 77900
734 76500
735 77300
736 81100
737 78700
738 78000
739 77600
740 77600
741 77400
742 77800
743 78700
744 78200
745 78000
746 79200
747 77800
748 78600
749 78600
750 80600
751 82500
752 80000
753 78600
754 80500
755 124800
756 82800
757 89100
758 83500
759 80500
760 82100
761 84800
762 85500
763 84000
764 78300
765 79700
766 79900
767 85800
768 85300
769 78100
770 84500
771 84700
772 88000
773 86200
774 83200
775 85400
776 81000
777 80900
778 85700
779 84500
780 82100
781 104700
782 82300
783 83100
784 83100
785 78100
786 83500
787 77600
788 80400
789 78100
790 78200
791 77800
792 79600
793 78100
794 77300
795 78100
796 77900
797 76700
798 76500
799 78100
800 78400
801 78300
802 78600
803 77700
804 76400
805 80900
806 77700
807 78200
808 77500
809 77700
810 76300
811 76500
812 80500
813 77800
814 78100
815 76700
816 76500
817 77600
818 80100
819 83400
820 77500
821 77900
822 78100
823 77900
824 77600
825 77100
826 77200
827 76400
828 77400
829 77700
830 79000
831 77800
832 77900
833 79000
834 78400
835 77800
836 77000
837 76800
838 80200
839 79300
840 86900
841 78900
842 78100
843 76700
844 77900
845 78500
846 81300
847 79400
848 78400
849 76200
850 77100
851 78100
852 78900
853 78300
854 102700
855 79500
856 81200
857 76600
858 79600
859 78000
860 81400
861 78200
862 78000
863 82700
864 78100
865 80300
866 77800
867 79900
868 77700
869 78400
870 87400
871 83800
872 84900
873 76800
874 78800
875 84100
876 84900
877 80700
878 82200
879 88000
880 78000
881 83200
882 88300
883 80000
884 78900
885 80900
886 77700
887 83700
888 84900
889 85900
890 79700
891 80600
892 76400
893 86000
894 81700
895 75900
896 80900
897 78200
898 77700
899 80500
900 80000
901 81800
902 75800
903 77300
904 77200
905 76400
906 78000
907 77800
908 79600
909 78200
910 78100
911 78200
912 77000
913 78700
914 77800
915 78000
916 76600
917 77500
918 77100
919 77200
920 77500
921 77000
922 76400
923 78100
924 77100
925 79200
926 76000
927 78500
928 78100
929 77700
930 76600
931 77400
932 76600
933 77100
934 88400
935 79100
936 76400
937 78600
938 77900
939 77800
940 78000
941 76900
942 80400
943 78000
944 76500
945 78100
946 76000
947 78200
948 76800
949 78500
950 77200
951 78600
952 78400
953 77900
954 77400
955 77400
956 76800
957 75100
958 77400
959 75100
960 76800
961 74900
962 76200
963 75700
964 76700
965 75300
966 76000
967 74900
968 75800
969 78800
970 75400
971 76500
972 74900
973 75900
974 78500
975 76300
976 78300
977 74400
978 78000
979 80000
980 76300
981 80600
982 75400
983 77900
984 75800
985 77800
986 86100
987 77500
988 98600
989 90700
990 97500
991 84800
992 110900
993 112200
994 98600
995 90200
996 80100
997 85500
998 83400
999 79000
1000 77800
