1 467200
2 96900
3 85200
4 82200
5 83600
6 81600
7 85800
8 82600
9 56600
10 55400
11 53500
12 56000
13 53300
14 54500
15 53400
16 53500
17 53600
18 53800
19 54200
20 54000
21 55600
22 54900
23 55700
24 52000
25 54400
26 54200
27 55900
28 54200
29 53500
30 55300
31 54000
32 56700
33 54500
34 53700
35 60800
36 50800
37 49500
38 47800
39 46700
40 46600
41 46100
42 45900
43 45600
44 48000
45 47200
46 46600
47 45700
48 46700
49 45900
50 45600
51 46200
52 46200
53 45500
54 45700
55 44400
56 44000
57 44300
58 44300
59 44900
60 44800
61 44600
62 44200
63 44500
64 45200
65 44800
66 44200
67 44300
68 45100
69 44300
70 44900
71 44300
72 44600
73 43900
74 43700
75 44100
76 44500
77 45700
78 46600
79 45100
80 44500
81 46100
82 45800
83 46700
84 44200
85 45500
86 45900
87 45300
88 45100
89 46300
90 45500
91 45300
92 44600
93 45600
94 45500
95 45400
96 44500
97 45600
98 45000
99 44300
100 44400
101 44000
102 45000
103 44400
104 44600
105 44100
106 43900
107 44400
108 44900
109 43700
110 44200
111 43900
112 43400
113 44000
114 43700
115 43600
116 43500
117 45600
118 43400
119 43800
120 44000
121 44200
122 45200
123 44900
124 44300
125 44000
126 45700
127 46500
128 45700
129 45900
130 46200
131 45800
132 44700
133 45800
134 46000
135 46600
136 45300
137 44900
138 45700
139 45900
140 44800
141 44300
142 63800
143 45700
144 45000
145 43400
146 44300
147 44200
148 44400
149 43500
150 43800
151 44400
152 44600
153 43900
154 44000
155 44100
156 44400
157 43300
158 44100
159 44500
160 44400
161 44100
162 43500
163 43200
164 43900
165 47200
166 43500
167 45000
168 45800
169 44800
170 44600
171 45500
172 46600
173 44400
174 44700
175 45500
176 45500
177 45500
178 44700
179 46000
180 45200
181 44800
182 43900
183 45200
184 44700
185 44300
186 44500
187 43900
188 44200
189 43700
190 43600
191 44000
192 44300
193 43700
194 44200
195 44200
196 43400
197 43900
198 43700
199 45300
200 45500
201 44700
202 45100
203 45500
204 44700
205 44900
206 44000
207 44100
208 49900
209 47100
210 47500
211 46500
212 46100
213 45400
214 46800
215 45200
216 45000
217 44800
218 46100
219 44800
220 44500
221 44500
222 45500
223 45200
224 44000
225 43500
226 44900
227 45900
228 44100
229 44100
230 45800
231 46000
232 45300
233 45100
234 44300
235 44400
236 44300
237 43800
238 44300
239 44000
240 43900
241 44200
242 43900
243 44600
244 44100
245 43400
246 44100
247 43800
248 43600
249 43900
250 43100
251 43600
252 44000
253 43100
254 43600
255 43600
256 44000
257 44400
258 44700
259 45600
260 44900
261 44700
262 44300
263 45400
264 45100
265 43700
266 44200
267 45000
268 45100
269 44700
270 44800
271 45500
272 45200
273 45000
274 44200
275 45200
276 46400
277 44500
278 44300
279 44200
280 43900
281 44200
282 43900
283 44000
284 43800
285 43800
286 43800
287 43400
288 43500
289 43900
290 43700
291 43900
292 49500
293 44400
294 43800
295 44500
296 43800
297 43800
298 44500
299 43600
300 45700
301 45700
302 44200
303 45200
304 45300
305 45100
306 44600
307 44600
308 45400
309 44900
310 44800
311 45600
312 45200
313 44700
314 43600
315 44400
316 45400
317 45300
318 44500
319 46000
320 45200
321 45300
322 44900
323 44100
324 43700
325 44200
326 43700
327 43600
328 51500
329 49400
330 48300
331 47400
332 47300
333 47200
334 47000
335 46000
336 45100
337 45100
338 43900
339 43600
340 44300
341 43400
342 43300
343 43600
344 42800
345 45300
346 44000
347 43500
348 43400
349 44700
350 45700
351 43900
352 43800
353 45800
354 45400
355 44200
356 44300
357 45400
358 44700
359 43800
360 44500
361 45500
362 45200
363 44000
364 44500
365 43800
366 44100
367 43500
368 43900
369 43400
370 44900
371 43000
372 43100
373 43300
374 43200
375 43100
376 42800
377 43300
378 43300
379 66100
380 43700
381 42900
382 44100
383 43000
384 43500
385 43300
386 43300
387 43100
388 43600
389 43200
390 45100
391 51900
392 50200
393 49400
394 48700
395 48500
396 48400
397 48300
398 48400
399 48200
400 47900
401 48200
402 48600
403 48500
404 48400
405 48400
406 48300
407 48100
408 48100
409 48300
410 50900
411 48400
412 47700
413 48100
414 47100
415 45900
416 46700
417 46100
418 46400
419 46100
420 46000
421 45900
422 45500
423 46700
424 45900
425 45600
426 45200
427 46400
428 45600
429 45400
430 49400
431 47400
432 46600
433 45800
434 45300
435 44900
436 45300
437 45400
438 44900
439 45000
440 44700
441 44600
442 44700
443 44600
444 45200
445 44900
446 44900
447 44400
448 44400
449 46400
450 44500
451 44400
452 45000
453 44800
454 45200
455 44200
456 44400
457 44300
458 44500
459 44500
460 44500
461 44900
462 45900
463 44600
464 44100
465 44300
466 44400
467 44200
468 44600
469 44500
470 45000
471 44600
472 44900
473 44500
474 44600
475 45000
476 44900
477 44900
478 44100
479 44500
480 44200
481 44400
482 44900
483 44500
484 44600
485 44500
486 45000
487 44400
488 44200
489 45000
490 44600
491 44900
492 44600
493 44600
494 44200
495 47900
496 44300
497 45000
498 44600
499 44500
500 45600
501 44300
502 44400
503 44300
504 44500
505 44500
506 44500
507 44300
508 44300
509 44800
510 44400
511 43800
512 46300
513 46300
514 45800
515 45600
516 45100
517 45300
518 45500
519 44600
520 44400
521 48600
522 50300
523 44400
524 44900
525 44200
526 44600
527 44300
528 44400
529 44800
530 44300
531 44500
532 44600
533 44600
534 46700
535 44400
536 44100
537 43800
538 44500
539 43600
540 44500
541 50500
542 49600
543 44900
544 44600
545 54100
546 44100
547 47800
548 44600
549 45000
550 44700
551 44500
552 45100
553 45600
554 44400
555 45400
556 45200
557 44900
558 45300
559 44800
560 45000
561 45000
562 44700
563 44300
564 44800
565 44000
566 44300
567 44300
568 44300
569 44400
570 43900
571 44300
572 44600
573 63000
574 44500
575 44600
576 45100
577 44400
578 44100
579 43900
580 44800
581 44300
582 44600
583 44400
584 44700
585 44000
586 44300
587 44700
588 44500
589 44500
590 43800
591 44400
592 44500
593 44300
594 44500
595 43800
596 44200
597 44200
598 44300
599 44700
600 46000
601 45100
602 43900
603 43700
604 44100
605 44800
606 44400
607 44400
608 44500
609 45000
610 44700
611 44100
612 44500
613 44100
614 47800
615 44400
616 44600
617 45000
618 44400
619 44900
620 46500
621 44400
622 43700
623 43800
624 44000
625 43700
626 44500
627 43800
628 44100
629 43600
630 44200
631 44100
632 44000
633 43500
634 44600
635 44800
636 43800
637 44200
638 44600
639 44100
640 44700
641 43800
642 43600
643 44500
644 44800
645 52500
646 45700
647 45100
648 44300
649 44500
650 44200
651 44300
652 44500
653 44200
654 45100
655 44800
656 44400
657 45000
658 46100
659 44600
660 44700
661 44300
662 44400
663 44500
664 45900
665 44900
666 44000
667 44100
668 44800
669 44200
670 46000
671 44700
672 44800
673 44400
674 44600
675 44500
676 45700
677 44200
678 44900
679 45300
680 51100
681 45300
682 45500
683 44100
684 44400
685 44300
686 44300
687 44900
688 44600
689 44800
690 45100
691 44300
692 44800
693 44300
694 44300
695 44900
696 44000
697 44400
698 44000
699 43700
700 44300
701 44400
702 44200
703 44300
704 44700
705 46700
706 59100
707 44400
708 43900
709 43000
710 42100
711 43200
712 43200
713 42400
714 42800
715 42600
716 42700
717 42200
718 42700
719 43000
720 42500
721 42500
722 42300
723 42400
724 42200
725 42400
726 42700
727 43000
728 42500
729 43000
730 43100
731 42400
732 42300
733 42300
734 42300
735 42300
736 42200
737 42800
738 42400
739 42000
740 42100
741 42000
742 43800
743 42600
744 42700
745 42400
746 42700
747 42400
748 42500
749 41800
750 42700
751 42700
752 42500
753 42100
754 42400
755 45400
756 42300
757 42100
758 42600
759 42100
760 42300
761 43000
762 42000
763 42900
764 42500
765 42600
766 42500
767 44100
768 42700
769 42600
770 41900
771 42300
772 42400
773 42000
774 42200
775 42600
776 42500
777 41700
778 42300
779 42200
780 41900
781 41900
782 42100
783 42100
784 42300
785 42500
786 42900
787 42200
788 42600
789 42600
790 42400
791 42200
792 46600
793 42300
794 41700
795 41700
796 42400
797 42100
798 42200
799 42600
800 42600
801 41900
802 42600
803 42600
804 42500
805 42300
806 42900
807 42700
808 42100
809 42200
810 42600
811 43000
812 42100
813 42700
814 42500
815 41900
816 42000
817 42100
818 47500
819 43400
820 40700
821 41100
822 41900
823 42500
824 41900
825 42400
826 42300
827 41700
828 57000
829 42300
830 42100
831 41700
832 42600
833 42200
834 41700
835 42400
836 42800
837 42200
838 42900
839 42800
840 44400
841 42200
842 42400
843 42600
844 42400
845 42400
846 43100
847 42500
848 42400
849 42800
850 42300
851 42000
852 44300
853 42600
854 42600
855 42300
856 42500
857 42400
858 42000
859 42500
860 42400
861 41800
862 42200
863 42300
864 41900
865 42100
866 42800
867 51000
868 49400
869 48000
870 47200
871 46800
872 46300
873 46200
874 46500
875 46700
876 46100
877 46000
878 50300
879 46400
880 46300
881 117000
882 46700
883 46200
884 46400
885 46200
886 46300
887 45600
888 45900
889 46000
890 46200
891 45900
892 45800
893 47800
894 45800
895 45600
896 45900
897 45900
898 45800
899 45200
900 43300
901 42700
902 42200
903 42100
904 41600
905 41600
906 41800
907 42000
908 42000
909 41800
910 44200
911 42400
912 42500
913 42000
914 70400
915 41900
916 42200
917 41900
918 41900
919 80000
920 62600
921 42200
922 42000
923 42500
924 42700
925 45300
926 42500
927 41800
928 42100
929 41600
930 41600
931 42400
932 42100
933 41600
934 41800
935 41900
936 41200
937 41100
938 41200
939 53000
940 42100
941 41700
942 44000
943 41700
944 41400
945 41200
946 41600
947 41300
948 42400
949 42800
950 41600
951 41500
952 41300
953 41400
954 41900
955 41600
956 42200
957 42100
958 41900
959 41500
960 41000
961 41200
962 41500
963 41900
964 42200
965 42000
966 42100
967 41200
968 41700
969 41200
970 41300
971 41700
972 41600
973 41500
974 41200
975 40800
976 41400
977 46700
978 41500
979 41800
980 41900
981 41400
982 41300
983 41000
984 41800
985 41600
986 42000
987 41500
988 42200
989 41200
990 41400
991 41300
992 41000
993 41800
994 44100
995 41600
996 105800
997 42100
998 41800
999 42000
1000 42100
