1 15519900
2 13542900
3 4301700
4 4124500
5 3940400
6 5892999
7 7437701
8 3935500
9 3938200
10 3938999
11 4089100
12 5195901
13 5681001
14 5562300
15 5593800
16 5772599
17 5519000
18 5887800
19 5576200
20 5636900
21 5796400
22 5505200
23 5630200
24 5705201
25 5560700
26 5803500
27 5598000
28 5821400
29 5917301
30 4144701
31 4086500
32 3927300
33 3912299
34 4557900
35 3832901
36 3840700
37 4107700
38 3920700
39 3919001
40 4380900
41 3938000
42 3903899
43 3908300
44 3936000
45 3914000
46 3911500
47 3906300
48 4067600
49 3841499
50 4113500
51 4925500
52 4052900
53 3907000
54 3912599
55 3927600
56 3868100
57 4055400
58 3918100
59 3896700
60 3895399
61 3894300
62 4003501
63 3830700
64 4016301
65 4047300
66 3814799
67 4283099
68 3964400
69 3895000
70 3908400
71 3887799
72 3896400
73 4972901
74 4058999
75 3913900
76 3926101
77 3899000
78 3910400
79 3903901
80 3907900
81 3902600
82 4053400
83 3907399
84 3893800
85 4225000
86 3889100
87 3902300
88 3909200
89 4007001
90 3802200
91 4097400
92 4262201
93 3915401
94 3898801
95 5172600
96 4421100
97 3899099
98 3922899
99 3971800
100 3917300
101 3910000
102 3894700
103 4158500
104 3819099
105 3896401
106 3959800
107 3899400
108 3898301
109 4062100
110 4001500
111 3892399
112 3898700
113 4219000
114 3819300
115 3986900
116 3907001
117 4195600
118 5670500
119 5724001
120 5524100
121 5851500
122 5785800
123 5574301
124 5695800
125 5570901
126 5530299
127 6146400
128 5381400
129 4350000
130 4110401
131 3832800
132 3928101
133 3916700
134 4145600
135 3876100
136 3919700
137 3922900
138 4069001
139 3823800
140 3891201
141 4030700
142 3931900
143 5275000
144 4094899
145 4037499
146 4164100
147 4027200
148 3992000
149 4062501
150 3984301
151 3915200
152 4016800
153 4362499
154 4099501
155 3982901
156 3975300
157 4220800
158 3954800
159 4037800
160 4037800
161 4005000
162 3897000
163 3986200
164 4045101
165 3965700
166 3848400
167 3908800
168 3913300
169 4345599
170 3836300
171 3904099
172 3904000
173 3985600
174 3811201
175 4119699
176 4107400
177 3909499
178 3902601
179 4075500
180 3952300
181 3903200
182 3913400
183 4027100
184 3823500
185 3926900
186 3992101
187 3905200
188 3913600
189 4043201
190 5232101
191 4011799
192 4080699
193 5132600
194 4325400
195 4498899
196 4028801
197 4002900
198 4129100
199 4017499
200 3915599
201 3989200
202 4094999
203 3994600
204 3996701
205 4031800
206 4218499
207 3809799
208 3955900
209 4381701
210 4470500
211 3903899
212 4000500
213 4067400
214 5539601
215 4287199
216 3927099
217 4030999
218 4273799
219 3982800
220 3933500
221 4009800
222 4142500
223 4098300
224 3981901
225 3999501
226 4008999
227 3984999
228 3972300
229 4063600
230 4044099
231 3903500
232 4058700
233 4008600
234 3961201
235 3920901
236 4071600
237 4158300
238 4294701
239 3995700
240 3992800
241 4104200
242 3980601
243 3995500
244 4095000
245 4028200
246 3908900
247 4081400
248 4309300
249 4060801
250 3953801
251 4064701
252 4091600
253 3975900
254 3895801
255 4008801
256 4163400
257 3844499
258 3991200
259 4330099
260 4098300
261 5137299
262 4135900
263 4181300
264 4211400
265 3984100
266 4005000
267 4099600
268 4156500
269 3918001
270 3941200
271 4245800
272 3956401
273 3997100
274 4213701
275 4044200
276 3973100
277 3901100
278 4101901
279 4030400
280 3889900
281 3910000
282 4137100
283 3890000
284 3922800
285 5255600
286 4118199
287 3991701
288 3906899
289 4060900
290 4186101
291 3815599
292 3964200
293 4178600
294 4122899
295 3875000
296 4192301
297 4051200
298 3985000
299 3988400
300 5374301
301 4187699
302 3982700
303 3907100
304 4009999
305 4132700
306 4075100
307 3924400
308 4237999
309 4379501
310 4001300
311 3959000
312 3982100
313 4075400
314 3987700
315 4000000
316 4117900
317 3983099
318 3918300
319 3981501
320 3975100
321 4073699
322 3906800
323 4283500
324 4232201
325 3903600
326 3830499
327 4103600
328 3954200
329 3906400
330 3894900
331 3988101
332 4848899
333 3909700
334 3909700
335 3913800
336 3899101
337 3895500
338 3911799
339 3983000
340 3815200
341 4019400
342 3967700
343 3899299
344 3892399
345 3903699
346 3888500
347 3895700
348 4056300
349 4226899
350 3993900
351 3952599
352 3889000
353 4044601
354 4117100
355 4026301
356 4091100
357 4064000
358 3924400
359 3909701
360 3920800
361 3879800
362 3830301
363 3914800
364 3923900
365 4068899
366 3805800
367 3909300
368 3893100
369 3900700
370 3911400
371 3909999
372 3888599
373 3892900
374 3905801
375 3988400
376 3825600
377 4182200
378 3895399
379 5108200
380 3850300
381 4067001
382 3970901
383 3905800
384 3897001
385 3907500
386 3893100
387 3877500
388 4167401
389 4328501
390 3822500
391 3984200
392 4056500
393 3915400
394 3911401
395 3907200
396 3942901
397 3906000
398 3901799
399 3971200
400 3809700
401 3912000
402 3905601
403 4967100
404 3818700
405 3937699
406 4696500
407 3949101
408 3902400
409 3907300
410 3913701
411 3903800
412 3904199
413 3847300
414 4027100
415 3810899
416 4073800
417 3907599
418 3904100
419 3896999
420 3922500
421 3893399
422 3898900
423 4052400
424 3919600
425 3892100
426 3871999
427 3994800
428 3917999
429 3983900
430 3843900
431 3929500
432 4254201
433 3912199
434 3896900
435 3895000
436 3950900
437 3898199
438 3909900
439 4056001
440 3812600
441 3957599
442 3924000
443 3914100
444 3905000
445 3906300
446 3948399
447 3896401
448 3913000
449 4173600
450 4991100
451 3986600
452 3979601
453 4005200
454 4004800
455 4021900
456 4078599
457 4108201
458 4093199
459 3985200
460 4016300
461 4032100
462 4010801
463 3899200
464 4074801
465 4044400
466 3906300
467 3921399
468 4305900
469 4015000
470 3894200
471 4054400
472 4090700
473 3987801
474 5176500
475 3905500
476 3902700
477 3903400
478 3872800
479 3977201
480 4125900
481 3846399
482 4020099
483 4087200
484 3941900
485 3803100
486 4246600
487 3937100
488 3906300
489 4038900
490 3950499
491 3921600
492 3899500
493 3904300
494 3924700
495 3813600
496 4162900
497 3923200
498 4135499
499 4055500
500 3919600
501 3921999
502 4244400
503 3814500
504 4015800
505 3961700
506 3829701
507 3845100
508 5144399
509 3926801
510 3901900
511 3905101
512 4354300
513 3934000
514 3913401
515 3920400
516 3922300
517 3893100
518 3901600
519 3902600
520 4020701
521 5144700
522 3909599
523 3902900
524 3965999
525 3904400
526 3908499
527 3898600
528 3924300
529 3858301
530 3947699
531 3899200
532 3872700
533 4062000
534 4057499
535 3814999
536 4209900
537 3922600
538 3879300
539 3909000
540 4201699
541 4030300
542 3910800
543 3904400
544 3896001
545 4967999
546 4024199
547 3910199
548 3944999
549 3903300
550 3904799
551 3894300
552 4058101
553 3869000
554 4196101
555 4062500
556 3862300
557 3902400
558 3895400
559 3894000
560 3897899
561 3898400
562 3906100
563 4178701
564 4085100
565 4446700
566 3921100
567 3890000
568 3901301
569 4054701
570 3918401
571 3900700
572 3894699
573 3927701
574 3871800
575 3883699
576 4103201
577 3905100
578 3885200
579 3975900
580 3918401
581 3894800
582 4002399
583 3915100
584 3902300
585 3883000
586 3986300
587 3990199
588 3862701
589 4193000
590 4162799
591 3905300
592 5002000
593 4030501
594 3899901
595 3892301
596 3897700
597 3893900
598 3910101
599 3903400
600 3898700
601 3895800
602 3892500
603 3952000
604 4073500
605 3950601
606 3839500
607 3900201
608 4043099
609 3894400
610 3914501
611 3939500
612 3818600
613 3819700
614 4164500
615 4286701
616 5098600
617 3900400
618 3893500
619 4107900
620 3915100
621 3898300
622 3990601
623 3913400
624 3900801
625 3892400
626 3925700
627 3903801
628 3905899
629 4269300
630 3958600
631 3899700
632 3899900
633 3920701
634 3914400
635 3899600
636 3936800
637 3895100
638 3902500
639 3958200
640 4305201
641 3908500
642 3897300
643 3903000
644 3903099
645 3898101
646 4034301
647 3932899
648 3900500
649 3894500
650 3894401
651 3902500
652 3912701
653 3929100
654 4076500
655 3866600
656 3910100
657 3918000
658 3903100
659 3903599
660 3904000
661 3947799
662 3892500
663 5203401
664 4078300
665 4152600
666 3900600
667 3901200
668 3911299
669 3900600
670 3926500
671 3911900
672 4211500
673 4120699
674 3895799
675 3945299
676 3921001
677 3894800
678 3903300
679 3961999
680 3811000
681 4191299
682 4140500
683 3903400
684 3978801
685 4055300
686 4090700
687 5129600
688 3923801
689 4059501
690 4082900
691 4026200
692 4002699
693 4178400
694 4091300
695 4065599
696 3937800
697 4409600
698 4276599
699 4024101
700 3974800
701 4036501
702 4260901
703 3817899
704 4154500
705 4076700
706 4200901
707 3879900
708 4178301
709 4060799
710 3950399
711 4139999
712 3942700
713 4111199
714 4335100
715 3941700
716 4002600
717 4184300
718 4003000
719 3975101
720 3945300
721 4311500
722 4025400
723 4016300
724 4163700
725 4000300
726 3902200
727 3904000
728 3911900
729 3905000
730 3901801
731 3896299
732 4098801
733 4051300
734 5355500
735 3949900
736 4072199
737 4257999
738 4088800
739 3996701
740 3991000
741 4102499
742 4022501
743 3914401
744 3973700
745 4276600
746 3829999
747 4013300
748 4547899
749 4061300
750 3908100
751 4263000
752 4335600
753 4076400
754 4081899
755 3912300
756 3908800
757 3922000
758 5089000
759 4136100
760 4190799
761 4129101
762 3917900
763 3917700
764 3903100
765 3914201
766 3909000
767 3908500
768 3937599
769 3906300
770 3902900
771 3924800
772 3936201
773 3962100
774 4089400
775 3900500
776 3865301
777 4829599
778 3965900
779 3919999
780 3902000
781 3920500
782 4115600
783 3988700
784 3921101
785 4146700
786 4165900
787 3917500
788 3923400
789 3930900
790 3948100
791 3916700
792 3926801
793 3952500
794 3950501
795 3921700
796 3878800
797 4131501
798 3924100
799 3936001
800 4199099
801 4247900
802 3915800
803 3907801
804 3917601
805 4620900
806 4071400
807 3909400
808 3894800
809 3902900
810 3843499
811 4094600
812 4060401
813 3810501
814 3913499
815 3898199
816 3906200
817 3910701
818 3911600
819 3964701
820 3915101
821 3921200
822 4034800
823 3831000
824 4160200
825 3871299
826 4017100
827 3921900
828 3971700
829 4650600
830 4078600
831 3959399
832 4025300
833 3979600
834 3994601
835 4005900
836 4059301
837 4210400
838 3966600
839 3901901
840 4038000
841 4061700
842 3895700
843 3897600
844 4099400
845 4139800
846 3811700
847 4278200
848 4098101
849 4124699
850 3804800
851 4243100
852 5188900
853 3918600
854 3915800
855 4194100
856 3939799
857 3901999
858 3919001
859 3980700
860 3870700
861 3891900
862 3927300
863 4376599
864 3905200
865 3905200
866 3975600
867 3963600
868 3933200
869 3936001
870 4020200
871 3910000
872 3901400
873 3918900
874 3911200
875 3887000
876 5246000
877 4179299
878 4130901
879 3997100
880 4000299
881 4136300
882 4254100
883 4017599
884 3999201
885 4113400
886 4010801
887 3983100
888 3915700
889 4096400
890 4062401
891 4014700
892 3928501
893 4086401
894 4174401
895 3957900
896 3987600
897 4027600
898 4049100
899 3806499
900 3941400
901 4041101
902 3935699
903 3904599
904 3920200
905 3919100
906 3905500
907 3901299
908 3913201
909 3938500
910 3853100
911 3824201
912 4189501
913 3956800
914 3916999
915 3911200
916 4156101
917 3861701
918 4005100
919 3922200
920 4246700
921 3835800
922 4230400
923 5417300
924 4063000
925 3901801
926 4019401
927 4179100
928 4013800
929 4022600
930 4065201
931 4224499
932 3991999
933 3988600
934 4529100
935 4408200
936 3997800
937 3914100
938 4091500
939 4045500
940 3977601
941 3915100
942 4235099
943 3999900
944 3880799
945 4269700
946 4080501
947 5327500
948 4065800
949 4089700
950 4097100
951 4046999
952 4063399
953 4075799
954 3924400
955 3920201
956 3917100
957 3928500
958 3967300
959 4021301
960 3811700
961 3908100
962 3909100
963 3895900
964 3919700
965 4078800
966 3966200
967 3894000
968 3898101
969 4096201
970 3835500
971 4073700
972 4332299
973 4167301
974 3905800
975 3894201
976 3903800
977 3924500
978 3895200
979 4005500
980 3942000
981 3807600
982 3996200
983 5349199
984 4189499
985 3901900
986 4417200
987 3904999
988 3910900
989 3894200
990 3897201
991 3924300
992 4003400
993 3856300
994 5260200
995 4053200
996 4108700
997 3869599
998 4144399
999 4018799
1000 3918400
