1 15202000
2 4868600
3 4309899
4 10052900
5 4242600
6 4260401
7 4454400
8 7768801
9 7724400
10 7962500
11 7711200
12 7703899
13 7812700
14 7481900
15 7885901
16 7898699
17 9645501
18 4181300
19 4142900
20 4400200
21 4507800
22 4186000
23 4102599
24 4558199
25 4456400
26 4182300
27 4141400
28 4292501
29 4503100
30 7273799
31 4304800
32 4202701
33 4186900
34 4253100
35 4249700
36 4091800
37 4224201
38 4454400
39 4245100
40 4066900
41 4067200
42 4283901
43 10451301
44 7642600
45 7472200
46 7397101
47 7625300
48 7538600
49 7950100
50 7583599
51 7946400
52 7391600
53 7576599
54 6682499
55 4152500
56 4121699
57 4105600
58 4358000
59 4003600
60 4204600
61 4333001
62 4118301
63 4165299
64 4135400
65 4100000
66 4288701
67 5319201
68 4236900
69 4301400
70 4732000
71 4125401
72 4100500
73 4100401
74 4246100
75 4110800
76 4120500
77 4092600
78 4116400
79 4153001
80 4005900
81 4273200
82 6710200
83 4326599
84 4119501
85 4107099
86 4124100
87 4104499
88 4348600
89 3994100
90 4166200
91 4256300
92 3998400
93 4126201
94 4287101
95 4095800
96 4061000
97 4814400
98 4124199
99 4154600
100 4119501
101 4179100
102 6614200
103 4129900
104 4094999
105 4096300
106 4297700
107 4327500
108 4061700
109 4047199
110 4113500
111 4091500
112 4157499
113 4149700
114 4134001
115 4130900
116 4106500
117 4121799
118 4119701
119 4118300
120 4105500
121 4119700
122 9119800
123 7769101
124 7456301
125 7515099
126 7595000
127 7749901
128 7531500
129 7521201
130 4178900
131 4002500
132 4434600
133 4149300
134 4180700
135 4115899
136 4132100
137 4122500
138 4152601
139 4219500
140 4168200
141 4113100
142 4113400
143 4139499
144 6828700
145 4392600
146 4274600
147 4116099
148 4035300
149 4555299
150 4442701
151 4204200
152 4180700
153 4304800
154 4203800
155 4113199
156 4203001
157 4567800
158 4380300
159 4184300
160 4178800
161 4457099
162 4291799
163 4171400
164 4128801
165 4281500
166 7648300
167 4588500
168 4256301
169 4171600
170 4096200
171 4282299
172 4233200
173 4300500
174 4173600
175 4677601
176 4455000
177 4168699
178 4051000
179 4483600
180 4303600
181 4337801
182 4020401
183 4440100
184 4239101
185 4205300
186 4000800
187 4527601
188 4245299
189 4141300
190 4377400
191 4310901
192 4099101
193 4102400
194 4439900
195 4326600
196 4092901
197 4088800
198 4324099
199 4159101
200 4094999
201 4126600
202 4250700
203 4303700
204 4062800
205 4187700
206 4127300
207 4135001
208 4093700
209 8727701
210 8612300
211 7845201
212 9218800
213 7887100
214 7969600
215 8166901
216 7639000
217 4092801
218 4133600
219 4103100
220 4084900
221 4301600
222 4339800
223 4092500
224 4103799
225 4254000
226 4099700
227 4087600
228 4106200
229 4107299
230 4340100
231 4156300
232 4224000
233 4099401
234 4503799
235 6932700
236 4179800
237 4115199
238 4110700
239 4108501
240 4094700
241 4085400
242 4279100
243 4402400
244 4019100
245 4412000
246 4126800
247 4112200
248 4097100
249 4093199
250 4127100
251 4087900
252 4112801
253 4175300
254 4106301
255 4089701
256 4123101
257 5532300
258 4272599
259 4110700
260 4416901
261 6577300
262 4117800
263 4117100
264 4095100
265 4098800
266 4074400
267 4224100
268 4157201
269 3996401
270 4298301
271 4106699
272 4037001
273 4081100
274 4530300
275 4276100
276 4100000
277 4111000
278 4116800
279 4261100
280 4100501
281 4095300
282 4424800
283 4140001
284 4090300
285 4414301
286 4116100
287 6835599
288 4153100
289 4092699
290 4094201
291 4309600
292 4327800
293 4136800
294 4114900
295 4139699
296 4087700
297 4070400
298 4022900
299 4128701
300 4149699
301 4082700
302 4086299
303 4118199
304 4266500
305 3993200
306 4222400
307 4132200
308 4112101
309 4091800
310 4705200
311 4126700
312 4102200
313 5276600
314 4098699
315 4102200
316 4210200
317 4268300
318 4180600
319 4139599
320 4218500
321 4339600
322 4292800
323 4122100
324 4133600
325 4158899
326 4118801
327 4101600
328 4108100
329 4211601
330 4407300
331 4036200
332 4192599
333 4118801
334 4161200
335 4005801
336 4390000
337 4115200
338 4140201
339 5584800
340 4208001
341 4130000
342 4338100
343 4322900
344 4198700
345 4110299
346 4214000
347 4348100
348 4185800
349 4064601
350 4088600
351 4415701
352 4313200
353 4198400
354 4173099
355 4518100
356 4315499
357 4665100
358 4053101
359 4165899
360 4591500
361 4244701
362 4233900
363 4096001
364 4316500
365 5405201
366 4205200
367 4218799
368 4205400
369 4263600
370 4372899
371 4488300
372 4187600
373 4244799
374 4190100
375 4506200
376 4375100
377 4259800
378 4078499
379 4422801
380 4430500
381 4194500
382 4130300
383 4256201
384 4696401
385 4411000
386 4395400
387 4096400
388 4186599
389 4255400
390 4171601
391 5308500
392 4199400
393 4353001
394 4277201
395 4177700
396 4096600
397 4137300
398 4289400
399 4284600
400 4110500
401 4203600
402 4239901
403 4244101
404 4167800
405 4160700
406 4231201
407 4181000
408 4222300
409 4899100
410 4259501
411 4345300
412 4224300
413 4172500
414 4185700
415 4340000
416 4542101
417 5170800
418 4108201
419 4090300
420 4095400
421 4151401
422 4106000
423 4093800
424 4141801
425 4112101
426 4090700
427 4087500
428 4107501
429 4287000
430 3995100
431 4098600
432 4286400
433 4565101
434 4157700
435 4202400
436 4224701
437 4285800
438 4194199
439 4204501
440 4187799
441 4259800
442 4177600
443 5269400
444 4102001
445 4284300
446 4282500
447 4202600
448 4202001
449 4212100
450 4271400
451 4299401
452 4003100
453 4050600
454 4416400
455 4220401
456 4148000
457 4208100
458 4234500
459 4479700
460 4269199
461 4155000
462 4197900
463 4276800
464 4244901
465 4169201
466 4223701
467 4246900
468 4409800
469 5237101
470 4136200
471 4123000
472 4144901
473 4122300
474 4119800
475 4127199
476 4133200
477 4269000
478 4206100
479 4178799
480 4156300
481 4160701
482 4122099
483 4112299
484 4505700
485 4110401
486 4134999
487 4086900
488 4102701
489 4113301
490 4181800
491 3997400
492 4240800
493 4289699
494 4061899
495 4091000
496 4112500
497 4121800
498 4099300
499 4096500
500 4098200
501 4108899
502 4199499
503 4074400
504 4096000
505 4099000
506 4095800
507 4105300
508 4094400
509 4590900
510 4112901
511 4108601
512 4118900
513 4120001
514 4098601
515 4098000
516 4095000
517 4183001
518 4209900
519 4089600
520 4090399
521 4095500
522 4175900
523 4161000
524 4152001
525 4121700
526 4168800
527 4121301
528 4333100
529 4171201
530 4099200
531 4150499
532 4145400
533 4112099
534 4318599
535 4115099
536 4096500
537 4087100
538 4225700
539 4305301
540 4100300
541 4111501
542 4123901
543 4300900
544 4113300
545 4074800
546 3996900
547 4376700
548 4136000
549 4141801
550 4098400
551 4094401
552 4095399
553 4197400
554 4001201
555 4231301
556 5317899
557 4337100
558 4648700
559 4261800
560 4110700
561 4094600
562 4154399
563 4111099
564 4091400
565 4101400
566 4370600
567 4231599
568 4090700
569 4126700
570 4104400
571 4344200
572 4008801
573 4579399
574 4249600
575 4110200
576 4095099
577 4089500
578 4090701
579 4103699
580 4103100
581 4109700
582 4106399
583 4095999
584 4087000
585 4035100
586 4487500
587 4259000
588 4099000
589 4092199
590 4094400
591 4091101
592 4153200
593 4067300
594 4306301
595 4282401
596 4076001
597 4106000
598 4231300
599 4105299
600 5199000
601 4097600
602 4116400
603 4120200
604 4113300
605 4102600
606 4263399
607 4292200
608 4120600
609 4103701
610 4092700
611 4763900
612 4122699
613 4096201
614 4106301
615 4115800
616 4094500
617 4034100
618 3998501
619 4242201
620 4312900
621 4033801
622 4203000
623 4596900
624 4244400
625 4101000
626 5281400
627 4101100
628 4113000
629 4089200
630 4088900
631 4290501
632 4179700
633 4090600
634 4092299
635 4110200
636 4536400
637 4368300
638 4107000
639 4104799
640 4133600
641 4107900
642 4109099
643 4118899
644 4462899
645 4133100
646 4110499
647 4093001
648 4189400
649 4308999
650 4010199
651 4090500
652 5559701
653 4336400
654 4337499
655 4233500
656 4226800
657 4143399
658 4446000
659 4219400
660 4189300
661 4812801
662 4314000
663 4275699
664 4326099
665 4158600
666 4124801
667 4129200
668 4135900
669 4375001
670 4027600
671 4373799
672 4101400
673 4323400
674 3995600
675 4271900
676 4135000
677 4110300
678 5409000
679 4120899
680 4135100
681 4360600
682 4206300
683 4023200
684 4385400
685 4588399
686 4106701
687 4112399
688 4147000
689 4234900
690 4121699
691 4092100
692 4094301
693 4124499
694 4187001
695 4003900
696 4167700
697 4376500
698 4204299
699 4068801
700 4110399
701 4158500
702 4116999
703 4089199
704 5395101
705 4213800
706 4314501
707 4251399
708 4239600
709 4209400
710 4279100
711 4746801
712 4237800
713 4155600
714 4106200
715 4131001
716 4106701
717 4108800
718 4099999
719 4104300
720 4309700
721 4077800
722 4099899
723 4136900
724 4119500
725 4102901
726 4091600
727 4149400
728 4112800
729 4093699
730 5378500
731 4267400
732 4298200
733 4321500
734 4172800
735 4123100
736 4301601
737 4280499
738 4303999
739 4156199
740 4220000
741 4254900
742 4316400
743 4074801
744 4407000
745 4301699
746 4318000
747 4310400
748 4099700
749 4136800
750 4105401
751 4189800
752 4098400
753 4110700
754 4105200
755 4255500
756 5544000
757 4104100
758 4218000
759 4315700
760 4186700
761 4277900
762 4123600
763 4177200
764 4137200
765 4120900
766 4121400
767 4194800
768 4275299
769 4338500
770 4078699
771 4119599
772 4112200
773 4263001
774 4099800
775 4103900
776 4169200
777 4317900
778 4097501
779 4091100
780 4286400
781 4088900
782 5444101
783 4133499
784 4212901
785 4401300
786 4229101
787 4187700
788 4110400
789 4477901
790 4386401
791 4184601
792 4106300
793 4365100
794 4456399
795 4260999
796 4206600
797 4164001
798 4209300
799 4197001
800 4196199
801 4003700
802 4445599
803 4302500
804 4125901
805 4135400
806 4328000
807 4315200
808 5444999
809 4482500
810 4177401
811 4116800
812 4123700
813 4153800
814 4107800
815 4107500
816 4172300
817 4132301
818 4144100
819 4010301
820 4339400
821 4112000
822 4139400
823 4050600
824 4340599
825 4107800
826 4209700
827 4022200
828 4273601
829 4291499
830 4094300
831 4108300
832 4201500
833 4128099
834 5349000
835 4228199
836 4131200
837 4337500
838 4284999
839 4414201
840 4087800
841 4222899
842 4297500
843 4319399
844 4304401
845 4111700
846 4204100
847 4406500
848 4228200
849 4154300
850 4189901
851 4319799
852 4197200
853 4103200
854 4204800
855 4309600
856 4357501
857 4181100
858 4200001
859 4273700
860 5376600
861 4325900
862 4136500
863 4120500
864 4193200
865 4199901
866 4153499
867 4023700
868 4301800
869 4485699
870 4131101
871 4149700
872 4188800
873 4184300
874 4126300
875 4114400
876 4171100
877 4407699
878 4136500
879 4013401
880 4329500
881 4146200
882 4155899
883 4018100
884 4339500
885 4795801
886 5402899
887 4241200
888 4117300
889 4166801
890 4160800
891 4127000
892 4090800
893 4216000
894 4301800
895 4127100
896 4127299
897 4170800
898 4409100
899 4116900
900 4134901
901 4186200
902 4163200
903 4258599
904 4475500
905 4162100
906 4160899
907 4274000
908 4193500
909 4069600
910 5005600
911 4188300
912 4164900
913 4171100
914 4119400
915 4151001
916 4261500
917 4237300
918 4135200
919 4169599
920 4185599
921 4146899
922 4128700
923 4121901
924 4169900
925 4181500
926 4111400
927 4125501
928 4147800
929 4182801
930 4006800
931 4359699
932 4325000
933 4304700
934 4146100
935 4153900
936 4161001
937 4160701
938 4202700
939 4167299
940 4136700
941 4123000
942 4350800
943 4104400
944 4082601
945 4152299
946 4598900
947 4301001
948 4135301
949 4127699
950 4226000
951 4307300
952 4109401
953 4139600
954 4156900
955 4272300
956 4031600
957 5137699
958 4239300
959 4315801
960 4213200
961 4341600
962 4142399
963 4375199
964 4170600
965 4177501
966 4145001
967 4139901
968 4126600
969 4295400
970 4143399
971 4122200
972 4177300
973 4184400
974 4129299
975 4097000
976 4114500
977 4315800
978 4154800
979 4023000
980 4362200
981 4431699
982 4137700
983 4113301
984 4076800
985 4451300
986 4169301
987 4118400
988 4129699
989 4164001
990 4159100
991 4157899
992 4150200
993 4132400
994 4176600
995 4176800
996 4176000
997 4117300
998 4144699
999 4123800
1000 4363800
