1 7850200
2 3123700
3 3225399
4 3135500
5 3116699
6 3295200
7 3139799
8 3141700
9 3140100
10 3124200
11 3127001
12 3113500
13 3110901
14 3128799
15 3114800
16 3127500
17 3120300
18 3121000
19 3114100
20 3113400
21 3116900
22 3113600
23 3116900
24 3112099
25 3123600
26 3146500
27 3109699
28 3149300
29 3118201
30 3133200
31 3110400
32 3118800
33 3111400
34 3267500
35 3114200
36 3115601
37 3109700
38 3116601
39 3133500
40 3114900
41 3131800
42 3113000
43 3111600
44 3118000
45 3116400
46 3117201
47 3142300
48 3298700
49 3227200
50 3107600
51 3122900
52 3115000
53 3103101
54 3204500
55 3111300
56 3163800
57 3396000
58 3077201
59 3098700
60 3368600
61 3137900
62 3250900
63 3154800
64 3109200
65 3107299
66 3114200
67 3264099
68 3113901
69 3130100
70 3107600
71 3122400
72 3257601
73 3039901
74 3455700
75 3107400
76 3114000
77 3274201
78 3078600
79 3113500
80 3134399
81 3104901
82 3126101
83 3112701
84 3106299
85 3118500
86 3112001
87 3121800
88 3228100
89 3073799
90 3169000
91 3118499
92 3112900
93 3118300
94 3121601
95 3113900
96 3292999
97 3114100
98 3107299
99 3121300
100 3112999
101 3108200
102 3113500
103 3103200
104 3037500
105 3258599
106 3132199
107 3140300
108 3110400
109 3109800
110 3127500
111 3110101
112 3116300
113 3113699
114 3131799
115 3109700
116 3113000
117 3083201
118 3079700
119 3368300
120 3195101
121 3129701
122 3179800
123 3122700
124 3282899
125 3172799
126 3422300
127 3238699
128 3118000
129 3269099
130 3108100
131 3222000
132 3245300
133 3125801
134 3181899
135 3122101
136 3176499
137 3271300
138 3098500
139 3268800
140 3110499
141 3311000
142 3250800
143 3100701
144 3185001
145 3112100
146 3450300
147 3205501
148 3288899
149 3277600
150 3128299
151 3417600
152 3101700
153 3120401
154 3399900
155 3077100
156 3378500
157 3058099
158 3332700
159 3217900
160 3192899
161 3242601
162 3105900
163 3319101
164 3176000
165 3168000
166 3309200
167 3073900
168 3595300
169 3557600
170 3186500
171 3202800
172 3266399
173 3112499
174 3375201
175 3136399
176 3186199
177 3362001
178 3052900
179 3382501
180 3111100
181 3215799
182 3175800
183 3115900
184 3469600
185 3037501
186 3469401
187 3269500
188 3122800
189 3953400
190 3040400
191 3347200
192 3251201
193 3156501
194 3497700
195 3102800
196 3203300
197 3238200
198 3157801
199 3375600
200 3050199
201 3165400
202 3285000
203 3109400
204 3200800
205 3107400
206 3382600
207 3195400
208 3262100
209 3252899
210 3124000
211 3207100
212 3178300
213 3190201
214 3197300
215 3165600
216 3152100
217 3119099
218 3262400
219 3246000
220 3110400
221 3060100
222 3529600
223 3429400
224 3081800
225 3202499
226 3251200
227 3185700
228 3113800
229 3158400
230 3375900
231 3174700
232 3109300
233 3240400
234 3204800
235 3112100
236 3271401
237 3212701
238 3124101
239 3189700
240 3110500
241 3288800
242 3168100
243 3216701
244 3321099
245 3164100
246 3547900
247 3171899
248 3173899
249 3359600
250 3274800
251 3177399
252 3137200
253 3130900
254 3377900
255 3039200
256 3192601
257 3110899
258 3090200
259 3112100
260 3121501
261 3735400
262 3138700
263 3139200
264 3119301
265 3110800
266 3116600
267 3128300
268 3109701
269 3111500
270 3110100
271 3116400
272 3107400
273 3146200
274 3520901
275 3188700
276 3113800
277 3346200
278 3043500
279 3421000
280 3076000
281 3211700
282 3244000
283 3116000
284 3355600
285 3213199
286 3184800
287 3251599
288 3115601
289 3215001
290 3164100
291 3250800
292 3236101
293 3048300
294 3299900
295 3111601
296 3249800
297 3179801
298 3115900
299 3189100
300 3109101
301 3297701
302 3241900
303 3196001
304 3339100
305 3041200
306 3607400
307 3111899
308 3170899
309 3250001
310 3140101
311 3392200
312 3107300
313 3387299
314 3200501
315 3197001
316 3251700
317 3110300
318 3116301
319 3173600
320 3224000
321 3343001
322 3101400
323 3598799
324 3175501
325 3190201
326 3200601
327 3116499
328 3259800
329 3179100
330 3215299
331 3226100
332 3410701
333 3178700
334 3192500
335 3182000
336 3110600
337 3226800
338 3043601
339 3439800
340 3103299
341 3458001
342 3440400
343 3040000
344 3375299
345 3183100
346 3127300
347 3243000
348 3116000
349 3141301
350 3190801
351 3088899
352 3270700
353 3273800
354 3160900
355 3244900
356 3152600
357 3177599
358 3124500
359 3188800
360 3331899
361 3135399
362 3259400
363 3112899
364 3103900
365 3382200
366 3110401
367 3255700
368 3173901
369 3035800
370 3400200
371 3110800
372 3308300
373 3200900
374 3201000
375 3290701
376 3038700
377 3486200
378 3190299
379 3206599
380 3334599
381 3121000
382 3196500
383 3171601
384 3108300
385 3372400
386 3038100
387 3315399
388 3236300
389 3107499
390 3125000
391 3121100
392 3116700
393 3125001
394 3114300
395 3126500
396 3157000
397 3042300
398 3329800
399 3118300
400 3108900
401 3453400
402 3152900
403 3370399
404 3044001
405 3308900
406 3107199
407 3041900
408 3313800
409 3117400
410 3129200
411 3116399
412 3117100
413 3117100
414 3115499
415 3118900
416 3114500
417 3110900
418 3136000
419 3316199
420 3157600
421 3212300
422 3320700
423 3048800
424 3163301
425 3212000
426 3121400
427 3114799
428 3100200
429 3337300
430 3041299
431 3117800
432 3128200
433 3117500
434 3325300
435 3039199
436 3255700
437 3193599
438 3184500
439 3110700
440 3133101
441 3797500
442 3272801
443 3119800
444 3127800
445 3120200
446 3129501
447 3127201
448 3207500
449 3123900
450 3224401
451 3332800
452 3185300
453 3127200
454 3193700
455 3327900
456 3238200
457 3044100
458 3057601
459 3279299
460 3248700
461 3118300
462 3192901
463 3250300
464 3193400
465 3113200
466 3198899
467 3578400
468 3039500
469 3253801
470 3266599
471 3138000
472 3179400
473 3111600
474 3317600
475 3215900
476 3170500
477 3180200
478 3126700
479 3515800
480 3152801
481 3280801
482 3243200
483 3115200
484 3325200
485 3078100
486 3259900
487 3323101
488 3126500
489 3260900
490 3110300
491 3413100
492 3225201
493 3101401
494 3209800
495 3112200
496 3333700
497 3439200
498 3226501
499 3461900
500 3131099
501 3214899
502 3245100
503 3114001
504 3245299
505 3117400
506 3268500
507 3186700
508 3110500
509 3207900
510 3093499
511 3250300
512 3077199
513 3159600
514 3225100
515 3130901
516 3344200
517 3120100
518 3155700
519 3268700
520 3196000
521 3124500
522 3252900
523 3217700
524 3123600
525 3173099
526 3159200
527 3616800
528 3204600
529 3207800
530 3235101
531 3121300
532 3238099
533 3114700
534 3222900
535 3292900
536 3118700
537 3326800
538 3117900
539 3175800
540 3186400
541 3201500
542 3250101
543 3204300
544 3081799
545 3250200
546 3167999
547 3360401
548 3128099
549 3196601
550 3342901
551 3040600
552 3356100
553 3106999
554 3203300
555 3413700
556 3040300
557 3568800
558 3110101
559 3187200
560 3201700
561 3108300
562 3311401
563 3105699
564 3296300
565 3296000
566 3118101
567 3272400
568 3174500
569 3198801
570 3239400
571 3119201
572 3248201
573 3039000
574 3436401
575 3198500
576 3043800
577 3276901
578 3130400
579 3228400
580 3187100
581 3192100
582 3324400
583 3043699
584 3399500
585 3182300
586 3209100
587 3265300
588 3206999
589 3111300
590 3113800
591 3112600
592 3186100
593 3397800
594 3064400
595 3293799
596 3113600
597 3105400
598 3166000
599 3095100
600 3363799
601 3110700
602 3112300
603 3246199
604 3037399
605 3281601
606 3042400
607 3248100
608 3109500
609 3116300
610 3264399
611 3040199
612 3323300
613 3111901
614 3114701
615 3160000
616 3147600
617 3261799
618 3127901
619 3128100
620 3105900
621 3112399
622 3128801
623 3110600
624 3111099
625 3113300
626 3115100
627 3108799
628 3436000
629 3123200
630 3107500
631 3110300
632 3110200
633 3118700
634 3114701
635 3110100
636 3114500
637 3123399
638 3305601
639 3036600
640 3217000
641 3333301
642 3161200
643 3155400
644 3052300
645 3184700
646 3111099
647 3111000
648 3299500
649 3035501
650 3176699
651 3109900
652 3219799
653 3191400
654 3071200
655 3383700
656 3040200
657 3275600
658 3455200
659 3225200
660 3113301
661 3340400
662 3108499
663 3180100
664 3230400
665 3120600
666 3208799
667 3109501
668 3288399
669 3098301
670 3174900
671 3391200
672 3037599
673 3316100
674 3125901
675 3221600
676 3263800
677 3144500
678 3408400
679 3105699
680 3269200
681 3194400
682 3187200
683 3243100
684 3110200
685 3238500
686 3137100
687 3325800
688 3217200
689 3233100
690 3329800
691 3127200
692 3171999
693 3269000
694 3220199
695 3420500
696 3113999
697 3267799
698 3192000
699 3214700
700 3239300
701 3172601
702 3270601
703 3092801
704 3173900
705 3345300
706 3108299
707 3270499
708 3083299
709 3335101
710 3207200
711 3196500
712 3358901
713 3129001
714 3199800
715 3126801
716 3233299
717 3339400
718 3050500
719 3455300
720 3081099
721 3296500
722 3265100
723 3231600
724 3246701
725 3103999
726 3369699
727 3174800
728 3299001
729 3188800
730 3271800
731 3129300
732 3190500
733 3209501
734 3122700
735 3255400
736 3130800
737 3219300
738 3343800
739 3197699
740 3305501
741 3124300
742 3205499
743 3316600
744 3113501
745 3239000
746 3151699
747 3241600
748 3191000
749 3114500
750 3300499
751 3170200
752 3072800
753 3141600
754 3176200
755 3349700
756 3040500
757 3517500
758 3109700
759 3111200
760 3203600
761 3121200
762 3122000
763 3109100
764 3111600
765 3116800
766 3163900
767 3147099
768 3084600
769 3314000
770 3114801
771 3111601
772 3111800
773 3126900
774 3120100
775 3109201
776 3135500
777 3182100
778 3118700
779 3115501
780 3139700
781 3093800
782 3042900
783 3233101
784 3114800
785 3057700
786 3216600
787 3044600
788 3255899
789 3106901
790 3114600
791 3115200
792 3117299
793 3119900
794 3110801
795 3114499
796 3120399
797 3126000
798 3209800
799 3314899
800 3169000
801 3177099
802 3277599
803 3133899
804 3271600
805 3113100
806 3137401
807 3317600
808 3144301
809 3348300
810 3121599
811 3209400
812 3178600
813 3116599
814 3270400
815 3049700
816 3452901
817 3045000
818 3208100
819 3549701
820 3042500
821 3837100
822 3238999
823 3189899
824 3248100
825 3123499
826 3213701
827 3173300
828 3203601
829 3283000
830 3042199
831 3461401
832 3036800
833 3236701
834 3185300
835 3122301
836 3215200
837 3110899
838 3363400
839 3204100
840 3267301
841 3402099
842 3107300
843 3587100
844 3176200
845 3115900
846 3262901
847 3054200
848 3432801
849 3052000
850 3332000
851 3306100
852 3113700
853 3416900
854 3049799
855 3491200
856 3189899
857 3214000
858 3441800
859 3099700
860 3489499
861 3180000
862 3195400
863 3216701
864 3110899
865 3278801
866 3126800
867 3179600
868 3155900
869 3206500
870 3108800
871 3146900
872 3107301
873 3115000
874 3112800
875 3109800
876 3133700
877 3111000
878 3114700
879 3106900
880 3271800
881 3385201
882 3114900
883 3128400
884 3129299
885 3040199
886 3134400
887 3385601
888 3120900
889 3111501
890 3107300
891 3110100
892 3115100
893 3114900
894 3111600
895 3120599
896 3104700
897 3134000
898 3123399
899 3118201
900 3119701
901 3122201
902 3216500
903 3324600
904 3212700
905 3118800
906 3110200
907 3190601
908 3074900
909 3493801
910 3150101
911 3163800
912 3115100
913 3120100
914 3226000
915 3046400
916 3160200
917 3123400
918 3140800
919 3122400
920 3121200
921 3108801
922 3143901
923 3109100
924 3342500
925 3171400
926 3245601
927 3113999
928 3109001
929 3123800
930 3108200
931 3255001
932 3127601
933 3125100
934 3113800
935 3121299
936 3368401
937 3041200
938 3125899
939 3266900
940 3088599
941 3108700
942 3125701
943 3116399
944 3145200
945 3093000
946 3284801
947 3175100
948 3118000
949 3123600
950 3144700
951 4045000
952 3109700
953 3102800
954 3136599
955 3111100
956 3134100
957 3115200
958 3111400
959 3113799
960 3108699
961 3115500
962 3108700
963 3449600
964 3125899
965 3111500
966 3113799
967 3100701
968 3252300
969 3046000
970 3184800
971 3230400
972 3108600
973 3118300
974 3107800
975 3287601
976 3061301
977 3043200
978 3345500
979 3049700
980 3336700
981 3117500
982 3358101
983 3289800
984 3111700
985 3142099
986 3122600
987 3108700
988 3114000
989 3105699
990 3123999
991 3109500
992 3122300
993 3105901
994 3125300
995 3108200
996 3111300
997 3310499
998 3038199
999 3295100
1000 3114200
