1 7252799
2 3135901
3 3168301
4 3123399
5 3141700
6 3130100
7 3118500
8 3124799
9 3123000
10 3125700
11 3116600
12 3143901
13 3113901
14 3221901
15 3118400
16 3107400
17 3118500
18 3108900
19 3107500
20 3107300
21 3101800
22 3113100
23 3105300
24 3199300
25 3150899
26 3112600
27 3116699
28 3086000
29 3095701
30 3105201
31 3127000
32 3106301
33 3123201
34 3110200
35 3110999
36 3111300
37 3110600
38 3108600
39 3120400
40 3257100
41 3039400
42 3375301
43 3103600
44 3113299
45 3112200
46 3120301
47 3242500
48 3109401
49 3110499
50 3205800
51 3110900
52 3170600
53 3129301
54 3109100
55 3111800
56 3092899
57 3074700
58 3329800
59 3112601
60 3263100
61 3266500
62 3035299
63 3209001
64 3242300
65 3104401
66 3039901
67 3240200
68 3117500
69 3183800
70 3243399
71 3124600
72 3318700
73 3428200
74 3122300
75 3177901
76 3582100
77 3150000
78 3215200
79 3295300
80 3114499
81 3261100
82 3239999
83 3106600
84 3115201
85 3360800
86 3047401
87 3168900
88 3377900
89 3048899
90 3099900
91 3190901
92 3182400
93 3171700
94 3174701
95 3113600
96 3473300
97 3206399
98 3124199
99 3333300
100 3249499
101 3044100
102 3268500
103 3110700
104 3200400
105 3302101
106 3114299
107 3235301
108 3294400
109 3111200
110 3202801
111 3337600
112 3110499
113 3139699
114 3181100
115 3117401
116 3254800
117 3178100
118 3284299
119 3220799
120 3185401
121 3105900
122 3226900
123 3178800
124 3169900
125 3192000
126 3130099
127 3461701
128 3149700
129 3261199
130 3294200
131 3129400
132 3402801
133 3055499
134 3224799
135 3584700
136 3114701
137 3288600
138 3192200
139 3122800
140 3250099
141 3126300
142 3187199
143 3170000
144 3191301
145 3220600
146 3196600
147 3249501
148 3114500
149 3256801
150 3179900
151 3131001
152 3187101
153 3111100
154 3272000
155 3122700
156 3193600
157 3187399
158 3172200
159 3277101
160 3045300
161 3085601
162 3231700
163 3120100
164 3383901
165 3051901
166 3320400
167 3174000
168 3130800
169 3227300
170 3284100
171 3129199
172 3201701
173 3110801
174 3193701
175 3186000
176 3124000
177 3215400
178 3115300
179 3114000
180 3087400
181 3349700
182 3103700
183 3116900
184 3132500
185 3117800
186 3126500
187 3156901
188 3046400
189 3327400
190 3122999
191 3129800
192 3100401
193 3090600
194 3201300
195 3087201
196 3156099
197 3179699
198 3119100
199 3125399
200 3078500
201 3302000
202 3178800
203 3118800
204 3116000
205 3118800
206 3119299
207 3113201
208 3107700
209 3122999
210 3315400
211 3047500
212 3102000
213 3115800
214 3123600
215 3341100
216 3042800
217 3121900
218 3110300
219 3116800
220 3163800
221 3039900
222 3259800
223 3212901
224 3043601
225 3082200
226 3261100
227 3114700
228 3113000
229 3039299
230 3478300
231 3098201
232 3106000
233 3333399
234 3262901
235 3108700
236 3109600
237 3116100
238 3049300
239 3363101
240 3032600
241 3275099
242 3040299
243 3303100
244 3102400
245 3041900
246 3340301
247 3109899
248 3105401
249 3135501
250 3131600
251 3131699
252 3115200
253 3336600
254 3035500
255 3383701
256 3040901
257 3137699
258 3110199
259 3329701
260 3264201
261 3051499
262 4483400
263 3429000
264 3111001
265 3114400
266 3107400
267 3117400
268 3111100
269 3105600
270 3116401
271 3111300
272 3422800
273 3041701
274 3487199
275 3134600
276 3119000
277 3116900
278 3155800
279 3045600
280 3271201
281 3108300
282 3123999
283 3107600
284 3108801
285 3112599
286 3109501
287 3150400
288 3191600
289 3040800
290 3314501
291 3117200
292 3118100
293 3084101
294 3369700
295 3309800
296 3112800
297 3126001
298 3110100
299 3224800
300 3152401
301 3044001
302 3174799
303 3107799
304 3120099
305 3111800
306 3233200
307 3180500
308 3116200
309 3111000
310 3111500
311 3289299
312 3053499
313 3145000
314 3311200
315 3071300
316 3118300
317 3115101
318 3106500
319 3102299
320 3108599
321 3236701
322 3035200
323 3683500
324 3116700
325 3238201
326 3404301
327 3115900
328 3120000
329 3111899
330 3104799
331 3107699
332 3107400
333 3152700
334 3110900
335 3111300
336 3117400
337 3106699
338 3114299
339 3225700
340 3115400
341 3320800
342 3119099
343 3123800
344 3111401
345 3116799
346 3208501
347 3109400
348 3119300
349 3098000
350 3037600
351 3191600
352 3158300
353 3272600
354 3040100
355 3314399
356 3150100
357 3212400
358 3110300
359 3107001
360 3401000
361 3035001
362 3128200
363 3108400
364 3113299
365 3103899
366 3113101
367 3184701
368 3375900
369 3366200
370 3111400
371 3120300
372 3272600
373 3036600
374 3258300
375 3034599
376 3282800
377 3107200
378 3107599
379 3111200
380 3114000
381 3109500
382 3111300
383 3118701
384 3116000
385 3240500
386 3233300
387 3099000
388 3948800
389 3110500
390 3108599
391 3110599
392 3135200
393 3636200
394 3118500
395 3107499
396 3184100
397 3111200
398 3112600
399 3108100
400 3122399
401 3092800
402 3036201
403 3344901
404 3098700
405 3200599
406 3088400
407 3108000
408 3133300
409 3114901
410 3118000
411 3094300
412 3040299
413 3347300
414 3115799
415 3111500
416 3104199
417 3195500
418 3034501
419 3187700
420 3105700
421 3112800
422 3350001
423 3043300
424 3119900
425 3104299
426 3163300
427 3119001
428 3112801
429 3123900
430 3110300
431 3173600
432 3121100
433 3122600
434 3130801
435 3124901
436 3135499
437 3122700
438 3132600
439 3116501
440 3120099
441 3109100
442 3114300
443 3113900
444 3111899
445 3135801
446 3220100
447 3047699
448 3261900
449 3136600
450 3124400
451 3193000
452 3223399
453 3247800
454 3122300
455 3189099
456 3545500
457 3306300
458 3223200
459 3114399
460 3131200
461 3209100
462 3183900
463 3126600
464 3582500
465 3347000
466 3122799
467 3202200
468 3213800
469 3301300
470 3111600
471 3139301
472 3172199
473 3041800
474 3248400
475 3114501
476 3123400
477 3108500
478 3103699
479 3331301
480 3042100
481 3277500
482 3050100
483 3313900
484 3635000
485 3046099
486 3340901
487 3113800
488 3107899
489 3262699
490 3085601
491 3264300
492 3116299
493 3111001
494 3084500
495 3105500
496 3173100
497 3144700
498 3230199
499 3109800
500 3109200
501 3193500
502 3085700
503 3458800
504 3109901
505 3134900
506 3108599
507 3106600
508 3109400
509 3070700
510 3262600
511 3037200
512 3203401
513 3100099
514 3216800
515 3160799
516 3101899
517 3399100
518 3063400
519 3115300
520 3118900
521 3121399
522 3106301
523 3180100
524 3105701
525 3111600
526 3111300
527 3115800
528 3232401
529 3078600
530 3100900
531 3035100
532 3259501
533 3087199
534 3114900
535 3128701
536 3113999
537 3116201
538 3090700
539 3145099
540 3040700
541 3343300
542 3040500
543 3159900
544 3109601
545 3139201
546 3366300
547 3034101
548 3423299
549 3107400
550 3127000
551 3130701
552 3038100
553 3432801
554 3113599
555 3110500
556 3107899
557 3117000
558 3109500
559 3107701
560 3113900
561 3108001
562 3154899
563 3040299
564 3306000
565 3321000
566 3045900
567 3313900
568 3035501
569 3366801
570 3040700
571 3232200
572 3110400
573 3108000
574 3262200
575 3041500
576 3263200
577 3098200
578 3039200
579 3132200
580 3077100
581 3198000
582 3041500
583 3309100
584 3107400
585 3327899
586 3091501
587 3350100
588 3366601
589 3110600
590 3181100
591 3108100
592 3147700
593 3141499
594 3131100
595 3138000
596 3444000
597 3039000
598 3257700
599 3117700
600 3108300
601 3110601
602 3125799
603 3298800
604 3046300
605 3311100
606 3172801
607 3037800
608 3120800
609 3162900
610 3108300
611 3105200
612 3112800
613 3127500
614 3036200
615 3307699
616 3109501
617 3125600
618 3079799
619 3438799
620 3134999
621 3108500
622 3113699
623 3108700
624 3117600
625 3119201
626 3115200
627 3101200
628 3102001
629 3137900
630 3107600
631 3462700
632 3070300
633 3342900
634 3110900
635 3103699
636 3371299
637 3032901
638 3287800
639 3063000
640 3289900
641 3111100
642 3115900
643 3112800
644 3109600
645 3250400
646 3111701
647 3139701
648 3105399
649 3138600
650 3115599
651 3114900
652 3676300
653 3298500
654 3138701
655 3149200
656 3112900
657 3160400
658 3135400
659 3133601
660 3170200
661 3124301
662 3229401
663 3165900
664 3110500
665 3244299
666 3130099
667 3172199
668 3177699
669 3112499
670 3157100
671 3121700
672 3128100
673 3147600
674 3114200
675 3427900
676 3147600
677 3135100
678 3125300
679 3141199
680 3231200
681 3226600
682 3210400
683 3156800
684 3140800
685 3420900
686 3131300
687 3162700
688 3198600
689 3118001
690 3160000
691 3109000
692 3143199
693 3146100
694 3140900
695 3159200
696 3106700
697 3122800
698 3122599
699 3157500
700 3123099
701 3128000
702 3158200
703 3130700
704 3151299
705 3114301
706 3134901
707 3126301
708 3141099
709 3316901
710 3074100
711 3427500
712 3121299
713 3148800
714 3173999
715 3128900
716 3152901
717 3125800
718 3115400
719 3131001
720 3138101
721 3182900
722 3138900
723 3162699
724 3130900
725 3117600
726 3275200
727 3158600
728 3179200
729 3414500
730 3133600
731 3217300
732 3133701
733 3172400
734 3162400
735 3142300
736 3129800
737 3140800
738 3114800
739 3170200
740 3132301
741 3135199
742 3157901
743 3111500
744 3147999
745 3118299
746 3147701
747 3181700
748 3176399
749 3209800
750 3160800
751 3170200
752 3195999
753 3137100
754 3173600
755 3128101
756 3154799
757 3114599
758 3213099
759 3155600
760 3145099
761 3347100
762 3220500
763 3366000
764 3274700
765 3144800
766 3235800
767 3122301
768 3260400
769 3227499
770 3173900
771 3279400
772 3127001
773 3474599
774 3272401
775 3244599
776 3277600
777 3134000
778 3193100
779 3137000
780 3110399
781 3171099
782 3112900
783 3136701
784 3114201
785 3110500
786 3107999
787 3107100
788 3117500
789 3119199
790 3120900
791 3112999
792 3123500
793 3464999
794 3129500
795 3134000
796 3109200
797 3111900
798 3174801
799 3112100
800 3146800
801 3115600
802 3114900
803 3106300
804 3113699
805 3185900
806 3199700
807 3122599
808 3208800
809 3122000
810 3302600
811 3269000
812 3237500
813 3418600
814 3239400
815 3137199
816 3287100
817 3183600
818 3253500
819 3147901
820 3156899
821 3121399
822 3338901
823 3163099
824 3147101
825 3155300
826 3223900
827 3143101
828 3177800
829 3136401
830 3152101
831 3160499
832 3127300
833 3149500
834 3131000
835 3150101
836 3214101
837 3141500
838 3196400
839 3119900
840 3150100
841 3277000
842 3137100
843 3162100
844 3119401
845 3112400
846 3541300
847 3111800
848 3151300
849 3114900
850 3141201
851 3143200
852 3146799
853 4087301
854 3135201
855 3112900
856 3133501
857 3123900
858 3906200
859 3300901
860 3162800
861 3523800
862 3193800
863 3259000
864 3366700
865 3120200
866 3459300
867 3194799
868 3195000
869 3657800
870 3113901
871 3370699
872 3293699
873 3186900
874 3532000
875 3194900
876 3134400
877 3193699
878 3410100
879 3115399
880 3305200
881 3343700
882 3153800
883 3398800
884 3120600
885 3239600
886 3256001
887 3144700
888 3502600
889 3107101
890 3120100
891 3200899
892 3127501
893 3139800
894 3113000
895 3114900
896 3109700
897 3107800
898 3120900
899 3115500
900 3170700
901 3109600
902 3143800
903 3106599
904 3109700
905 3130000
906 3110800
907 3137000
908 3111701
909 3148199
910 3104201
911 3106799
912 3116500
913 3104800
914 3149099
915 3106900
916 3125800
917 3111901
918 3142899
919 3123501
920 3115299
921 3259600
922 3119099
923 3115900
924 3140300
925 3113501
926 3141599
927 3103900
928 3152800
929 3123600
930 3114899
931 3124100
932 3110500
933 3144301
934 3103199
935 3132100
936 3115400
937 3121700
938 3123800
939 3111500
940 3263000
941 3114200
942 3151800
943 3147801
944 3123900
945 3181800
946 3117500
947 3147001
948 3310100
949 3531899
950 3156200
951 3305100
952 3533500
953 3115000
954 3135600
955 3158200
956 3115300
957 3186100
958 3142101
959 3117400
960 3147101
961 3123500
962 3135099
963 3165700
964 3154400
965 3161399
966 3160800
967 3143200
968 3158701
969 3149500
970 3128900
971 3170600
972 3157300
973 3131000
974 3134200
975 3150600
976 3136700
977 3147300
978 3156401
979 3145801
980 3139700
981 3139400
982 3127300
983 3156100
984 3299500
985 3155799
986 3128500
987 3173001
988 3109400
989 3115800
990 3116500
991 3119900
992 3149300
993 3112101
994 3120500
995 3150000
996 3110999
997 3144199
998 3115000
999 3128200
1000 3134400
