1 14096001
2 4712299
3 4322099
4 10261201
5 4150600
6 4185199
7 4291900
8 7665300
9 7412501
10 7538900
11 7614300
12 7584701
13 7649301
14 7899999
15 7351200
16 8291600
17 9465400
18 4154701
19 4134299
20 4137000
21 4428600
22 4346300
23 4251800
24 4123399
25 4152200
26 4607200
27 4153101
28 4143100
29 4125900
30 6642500
31 4148100
32 4147299
33 4144899
34 4141001
35 4128500
36 4117400
37 4043501
38 4144100
39 4271800
40 4123600
41 4136600
42 4139900
43 10900099
44 7624400
45 7827800
46 7536701
47 7658401
48 7920701
49 7780500
50 7636700
51 7681001
52 7556400
53 7447200
54 7641300
55 6679500
56 4134600
57 4124300
58 4134000
59 4028800
60 4292701
61 4155600
62 4067000
63 6996500
64 4177199
65 4429301
66 4363900
67 4854300
68 4788699
69 4238101
70 4292001
71 4349400
72 4194099
73 4136800
74 4266000
75 4282100
76 4202101
77 4197200
78 4302700
79 4312700
80 4203799
81 4245600
82 4316000
83 7065801
84 4400599
85 4347700
86 4149599
87 4234700
88 4456200
89 4318900
90 4174100
91 4157900
92 4727200
93 4485600
94 4120601
95 4135701
96 4140500
97 4115900
98 4114200
99 4119501
100 4496900
101 4209601
102 4057899
103 4335499
104 6784499
105 4489799
106 4425599
107 4227099
108 4144699
109 4347199
110 4451800
111 4232301
112 4201201
113 4243099
114 4335500
115 4230100
116 4269300
117 4707301
118 4356300
119 4345101
120 4204900
121 4118000
122 4339400
123 4266700
124 8270300
125 7686000
126 7561300
127 7381200
128 7667800
129 7879300
130 7764101
131 7357399
132 4017699
133 4405300
134 4297301
135 4187601
136 4139801
137 4150800
138 4126801
139 4130400
140 4127199
141 4137399
142 4134101
143 4059600
144 4202100
145 4166000
146 4371500
147 7139099
148 4465699
149 4140801
150 4238999
151 4309900
152 4214600
153 4191599
154 4161400
155 4262500
156 4262101
157 4145100
158 4430301
159 4466100
160 4257700
161 4137900
162 4509600
163 4326500
164 4309700
165 4134199
166 4212401
167 4344900
168 4218900
169 6870500
170 4315000
171 4146399
172 4260600
173 4377900
174 4246800
175 4146301
176 4127600
177 4408900
178 4205200
179 4105400
180 4107400
181 4476299
182 4338701
183 4093600
184 4260699
185 4316200
186 4275801
187 4202000
188 4238500
189 4320800
190 4377799
191 6652599
192 4198399
193 4118600
194 4277900
195 4298400
196 4214100
197 4215301
198 4309100
199 4237500
200 4365400
201 4040700
202 4408301
203 4197601
204 4243200
205 4092100
206 4502000
207 4288499
208 4255300
209 4156501
210 5001200
211 4811800
212 4295400
213 4118800
214 7704101
215 7815301
216 8058300
217 8212100
218 8494500
219 8265001
220 8365000
221 6774399
222 4206400
223 4497500
224 4307000
225 4196700
226 4117400
227 4340699
228 4698300
229 4236999
230 4194599
231 4335801
232 4424900
233 4210600
234 4217799
235 4184401
236 4644799
237 4490800
238 4202399
239 4193700
240 6863699
241 4234301
242 4309500
243 4425399
244 4107599
245 4260800
246 4298500
247 4246600
248 4119000
249 4228200
250 4303000
251 4221500
252 4188000
253 4600600
254 4323500
255 4205100
256 4122600
257 4157300
258 4261201
259 4189699
260 4096400
261 4462400
262 4207200
263 4146899
264 4109900
265 4300399
266 4623300
267 7078801
268 4312600
269 4119400
270 4208200
271 4312600
272 4237201
273 4091700
274 4278600
275 4432401
276 4280600
277 4188400
278 4195400
279 4713700
280 4311100
281 4090900
282 4284900
283 4323401
284 4242499
285 4134500
286 4228100
287 4287899
288 4320400
289 4124501
290 4272300
291 4331901
292 4137300
293 4282201
294 7253100
295 4131300
296 5158100
297 5016600
298 4301199
299 4295901
300 4039400
301 4344800
302 4258499
303 4853900
304 4233200
305 4154200
306 4215900
307 4324800
308 4264100
309 4192101
310 4110200
311 4442999
312 4371500
313 4217700
314 4146299
315 4307600
316 4301300
317 4321400
318 4142601
319 4115301
320 4328700
321 5200901
322 4216900
323 4159500
324 4133901
325 4310301
326 4307700
327 4112900
328 4185900
329 4372500
330 4307800
331 4217000
332 4195700
333 4308901
334 4218401
335 4187500
336 4193399
337 4464200
338 4300400
339 4190800
340 4132800
341 4157801
342 4563100
343 4323400
344 4126100
345 4212100
346 4358400
347 4474099
348 5416100
349 4223301
350 4165700
351 4391900
352 4575700
353 4223999
354 4200300
355 4254900
356 4232100
357 4217499
358 4226900
359 4138400
360 4503100
361 4299900
362 4127500
363 4266400
364 4270199
365 4247700
366 4196500
367 4267299
368 4503200
369 4396600
370 4247300
371 4131600
372 4095899
373 4525800
374 4421600
375 5731200
376 4079800
377 4234300
378 4357900
379 4271901
380 4198099
381 4128699
382 4291200
383 4312800
384 4330701
385 4134300
386 4259000
387 4230100
388 4387300
389 4037799
390 4265800
391 4285800
392 4344900
393 4369700
394 4240100
395 4191300
396 4537000
397 4191199
398 4120800
399 4123100
400 4143899
401 4122200
402 5596801
403 4138001
404 4242400
405 4412500
406 4223600
407 4204500
408 4329100
409 4367201
410 4237500
411 4453199
412 4127000
413 4135300
414 4180601
415 4139701
416 4123500
417 4155801
418 4376500
419 4268100
420 4129599
421 4122900
422 4445301
423 4366600
424 4125501
425 4126400
426 4219300
427 4329901
428 4127100
429 5115600
430 4227501
431 4419600
432 4284799
433 4232699
434 4156401
435 4506901
436 4451300
437 4236800
438 4145399
439 4188600
440 4526499
441 4340801
442 4353700
443 4043500
444 4385500
445 4426500
446 4450600
447 4180001
448 4126399
449 4417301
450 4317901
451 4496700
452 4071300
453 4267900
454 4302500
455 4224799
456 5540601
457 4215800
458 4123499
459 4396101
460 4477899
461 4288400
462 4222700
463 4207400
464 4394301
465 4326700
466 4115700
467 4154700
468 4404700
469 4359600
470 4224099
471 4199500
472 4265000
473 4406000
474 4262801
475 4328400
476 4033700
477 4236100
478 4293699
479 4282500
480 4118000
481 4215700
482 4253700
483 5304000
484 4333500
485 4118100
486 4239999
487 4255700
488 4348500
489 4033300
490 4300900
491 4297199
492 4273801
493 4128200
494 4111300
495 4225400
496 4129600
497 4098100
498 4026299
499 4449200
500 4460500
501 4163601
502 4146000
503 4170400
504 4177999
505 4142099
506 4164901
507 4207800
508 4278801
509 4148100
510 5394500
511 4124399
512 4212900
513 4286600
514 4165400
515 4166700
516 4288200
517 4200800
518 4189099
519 4055800
520 4187499
521 4391199
522 4193601
523 4039799
524 4414600
525 4193001
526 4253399
527 4139599
528 4181300
529 4206000
530 4156101
531 4252001
532 4206900
533 4460700
534 4152700
535 4116801
536 4080800
537 5275400
538 4207900
539 4151399
540 4162300
541 4204499
542 4245200
543 4156200
544 4158801
545 4301800
546 4342800
547 4186901
548 4118699
549 4204600
550 4165200
551 4286801
552 4149201
553 4140200
554 4200100
555 4267700
556 4133500
557 4138001
558 4258101
559 4303500
560 4065199
561 4067600
562 4512201
563 4245001
564 5524200
565 4243600
566 4130100
567 4178400
568 4161200
569 4150700
570 4075601
571 4397299
572 4140700
573 4206700
574 4044800
575 4141201
576 4293799
577 4135700
578 4127599
579 4185700
580 4362300
581 4127700
582 4105499
583 4175901
584 4318300
585 4225500
586 4107099
587 4142901
588 4225100
589 4272900
590 4122500
591 5423700
592 4472100
593 4287099
594 4271599
595 4152300
596 4256200
597 4344099
598 4279199
599 4259399
600 4153600
601 4560700
602 4461201
603 4279499
604 4325600
605 4034200
606 4535100
607 4339000
608 4440300
609 4173800
610 4401500
611 4304300
612 4230799
613 4045900
614 4143000
615 4284800
616 4504300
617 4209500
618 5680600
619 4220799
620 4242200
621 4532001
622 4426200
623 4070701
624 4354300
625 4562301
626 4419299
627 4153400
628 4097500
629 4217000
630 4205300
631 4148000
632 4134800
633 4252800
634 4166701
635 4271001
636 4133000
637 4211701
638 4389999
639 4286700
640 4158200
641 4170000
642 4222500
643 4167700
644 4134300
645 5408300
646 4212500
647 4317100
648 4415300
649 4147000
650 4147600
651 4574901
652 4330000
653 4177499
654 4124300
655 4215300
656 4178300
657 4150100
658 4339600
659 4054599
660 4271901
661 4164701
662 4168300
663 4314900
664 4203101
665 4151600
666 4135601
667 4155001
668 4211800
669 4141600
670 4127800
671 4185901
672 5208899
673 4350800
674 4143601
675 4129300
676 4306600
677 4194399
678 4226600
679 4123300
680 4178100
681 4166300
682 4142700
683 4121100
684 4186799
685 4237599
686 4261201
687 4156001
688 4202201
689 4186700
690 4155299
691 4126601
692 4180900
693 4185601
694 4326000
695 4027401
696 4363600
697 4176000
698 4375200
699 5469800
700 4207500
701 4054899
702 4425799
703 4221100
704 4131201
705 4221800
706 4167600
707 4175800
708 4162000
709 4181400
710 4200701
711 4190900
712 4139101
713 4126800
714 4204300
715 4172100
716 4171501
717 4127300
718 4185700
719 4215100
720 4165600
721 4161799
722 4158199
723 4345501
724 4133800
725 4157999
726 5264600
727 4202400
728 4208900
729 4035700
730 4129600
731 4225800
732 4222500
733 4139301
734 4155499
735 4187699
736 4170900
737 4161101
738 4154600
739 4183600
740 4162001
741 4203400
742 4111300
743 4394900
744 4158101
745 4548601
746 4023800
747 4440601
748 4293000
749 4145800
750 4141200
751 4181500
752 4177401
753 5453600
754 4406200
755 4120200
756 4165100
757 4469699
758 4283400
759 4078300
760 4116001
761 4171499
762 4180600
763 4150599
764 4159801
765 4215200
766 4357801
767 4026101
768 4174199
769 4166401
770 4306700
771 4090700
772 4192900
773 4245201
774 4175100
775 4218500
776 4057800
777 4384599
778 4156301
779 4232699
780 5347501
781 4203600
782 4210501
783 4176400
784 4154700
785 4122400
786 4199300
787 4169800
788 4237600
789 4039401
790 4335600
791 4191100
792 4398800
793 4034000
794 4436000
795 4293900
796 4168199
797 4154200
798 4192499
799 4230901
800 4205400
801 4026700
802 4369199
803 4171700
804 4244500
805 4152600
806 4175400
807 5362500
808 4176899
809 4157700
810 4155600
811 4201901
812 4168000
813 4296599
814 4105800
815 4286300
816 4164001
817 4445100
818 4041799
819 4156301
820 4197299
821 4167400
822 4152601
823 4049700
824 4393199
825 4167699
826 4157500
827 4039900
828 4305301
829 4292200
830 4181101
831 4054901
832 4226000
833 4149200
834 5339200
835 4142599
836 4141300
837 4175000
838 4144399
839 4299800
840 4047600
841 4475099
842 4259300
843 4138199
844 4125901
845 4158199
846 4137400
847 4395000
848 4016700
849 4297000
850 4140199
851 4191900
852 4114100
853 4142300
854 4124100
855 4133000
856 4126601
857 4144999
858 4140300
859 4122399
860 4112800
861 5301500
862 4600900
863 4304100
864 4317000
865 4470900
866 4239199
867 4309000
868 4235601
869 4124599
870 4192199
871 4333300
872 4212700
873 4110900
874 4424200
875 4578700
876 4403200
877 4219600
878 4184200
879 4212599
880 4326600
881 4212900
882 4113001
883 4138900
884 4427601
885 4266600
886 4320100
887 4023101
888 5579301
889 4334199
890 4185600
891 4160201
892 4146500
893 4163500
894 4164001
895 4405400
896 4076800
897 4514901
898 4232000
899 4156600
900 4150200
901 4444900
902 4186100
903 4321600
904 4109400
905 4148200
906 4168000
907 4284100
908 4122899
909 4114099
910 4122301
911 4374400
912 4109600
913 4118001
914 4150200
915 4186801
916 4143400
917 4157700
918 4144200
919 4168700
920 4290200
921 4193800
922 4137801
923 4223800
924 4140400
925 4118100
926 4116200
927 4166900
928 4138200
929 4234100
930 4134700
931 4576001
932 4121200
933 4288301
934 4031801
935 4312900
936 4280700
937 4138900
938 4134501
939 4166000
940 4150599
941 4349100
942 4274200
943 4119200
944 4119200
945 4163200
946 4138300
947 4112500
948 4150000
949 4306499
950 4117300
951 4115400
952 4116300
953 4138400
954 4306600
955 4267701
956 4112700
957 4149200
958 4315100
959 4086201
960 4111501
961 4156300
962 4136500
963 4164701
964 4015300
965 4288700
966 4136300
967 4124400
968 4034700
969 4130800
970 4156900
971 4150600
972 4129299
973 4114799
974 4176901
975 4136900
976 4300199
977 4022200
978 4409199
979 4134999
980 4441801
981 4018100
982 4369600
983 4162300
984 4123700
985 4125699
986 4151000
987 4140700
988 4365500
989 4022000
990 4398501
991 4259501
992 4279201
993 4115999
994 4471200
995 4171199
996 4172199
997 4130599
998 4114399
999 4155901
1000 4189199
