1 17049200
2 16068300
3 3787499
4 4284000
5 3593201
6 5148700
7 7106800
8 3728201
9 3548000
10 3570800
11 3718400
12 4855900
13 5552600
14 5363800
15 5178400
16 5434000
17 5168899
18 5323900
19 5199501
20 5152500
21 5617600
22 5341500
23 5574500
24 5173101
25 5466800
26 5482500
27 5221800
28 5321001
29 5950800
30 3723700
31 3605900
32 3690200
33 3822200
34 3837999
35 3668899
36 3756400
37 3573000
38 3759200
39 3750301
40 3552101
41 3629100
42 3645200
43 3631000
44 3772201
45 3759299
46 3671900
47 3716499
48 3659501
49 3644100
50 3688001
51 5005300
52 3559600
53 3554300
54 3712400
55 3555100
56 3556799
57 3564699
58 3535700
59 3636201
60 3711300
61 3532600
62 3645400
63 3556100
64 3548499
65 3570599
66 3549101
67 3550399
68 3536699
69 3474701
70 3598700
71 3920700
72 3470899
73 4826199
74 3601400
75 3586901
76 3562700
77 3598199
78 3571101
79 3563900
80 3681400
81 3542601
82 3547800
83 3762900
84 3461401
85 3551100
86 3542000
87 3547501
88 3564899
89 3817599
90 3461900
91 3645400
92 3559900
93 3536300
94 3605101
95 5069300
96 5218899
97 5569501
98 5241901
99 5407799
100 5560500
101 5212100
102 5431800
103 5165600
104 5944701
105 5391200
106 5161000
107 3622700
108 3592000
109 3772401
110 3537200
111 3547200
112 3724800
113 3470500
114 3567600
115 3535801
116 3480700
117 3614600
118 3460900
119 3467800
120 3788100
121 3592599
122 3484000
123 3560500
124 4700599
125 3720799
126 3563600
127 3713200
128 3511700
129 3711101
130 3838400
131 3471101
132 3776300
133 3646400
134 3555099
135 3560200
136 3598500
137 3544800
138 3546700
139 3544100
140 3528499
141 3902600
142 3607100
143 3470300
144 3656501
145 3537400
146 3543399
147 3567099
148 3550999
149 3725800
150 3796300
151 3730700
152 3604399
153 3551300
154 3681500
155 3531299
156 3765800
157 3926300
158 3611800
159 3668800
160 3694401
161 3769700
162 3469400
163 3873699
164 3869599
165 3554301
166 3729200
167 3722700
168 3569900
169 3693900
170 3694700
171 3469199
172 5237100
173 4248901
174 3894501
175 3527301
176 3651400
177 3709701
178 3702500
179 3578399
180 3756901
181 3745199
182 3729299
183 3636599
184 3755999
185 3487399
186 3934900
187 3615700
188 3560900
189 3682301
190 3550200
191 3552900
192 3558101
193 3565100
194 3562101
195 3627900
196 3833700
197 3581101
198 3662200
199 3888800
200 3613401
201 3676700
202 3776600
203 3669400
204 3629400
205 3699400
206 3729600
207 3553399
208 3620000
209 3707500
210 3557700
211 3649899
212 3744900
213 3547900
214 3698999
215 3938400
216 3561600
217 3729199
218 3657700
219 4599300
220 3553101
221 3588201
222 3577001
223 3563001
224 3644599
225 3502301
226 3564300
227 3782500
228 3458500
229 3590700
230 3647001
231 3501001
232 3459399
233 3579500
234 3543500
235 3564599
236 3596000
237 3672300
238 3491700
239 3590900
240 3546300
241 3577499
242 3757400
243 4761001
244 3586100
245 3686400
246 3580000
247 3566100
248 3626801
249 3574500
250 3563599
251 3630500
252 3548000
253 3477601
254 3742600
255 3543200
256 3561600
257 3602400
258 3546201
259 3582600
260 3649000
261 3556700
262 3577201
263 4051700
264 3468900
265 3724201
266 3585399
267 3688599
268 3552300
269 3568900
270 3565301
271 3550201
272 3587200
273 3730801
274 3545000
275 3595700
276 3564499
277 3541900
278 3719301
279 3670900
280 3546000
281 3571700
282 3526900
283 3541700
284 3648900
285 3569000
286 3545400
287 3592600
288 3560899
289 3563901
290 4625000
291 3769800
292 3541200
293 3597600
294 3574101
295 3543100
296 3555100
297 3551900
298 3551400
299 3641800
300 3553800
301 3579800
302 3573300
303 3462000
304 3665300
305 3584200
306 3517899
307 3520600
308 3709699
309 3560800
310 3576801
311 3924200
312 3464599
313 3530100
314 4468601
315 3559501
316 3551700
317 3754200
318 3497699
319 3593501
320 3547400
321 3536300
322 3508100
323 3828200
324 3557600
325 3552401
326 3815700
327 3482100
328 3581900
329 3801000
330 3500801
331 3470901
332 4354699
333 3477400
334 3557801
335 3569299
336 3536200
337 3540400
338 3564500
339 3547400
340 3545800
341 3839300
342 3729400
343 3501600
344 3747800
345 3652399
346 3562000
347 3565900
348 3565900
349 3550001
350 3553201
351 3559400
352 3555899
353 3577201
354 3487199
355 3536800
356 3762201
357 3472000
358 3554800
359 3578000
360 3509100
361 4473000
362 3780201
363 3794000
364 3575900
365 3646300
366 3707899
367 3636100
368 3599100
369 3900699
370 3679899
371 3536500
372 4014400
373 3706400
374 3556500
375 3667500
376 3753200
377 3568401
378 3574199
379 3570300
380 3550900
381 3555900
382 3578700
383 3510901
384 3549800
385 4656800
386 3468600
387 3560600
388 4022600
389 3517000
390 3547200
391 3551401
392 3535900
393 3541000
394 3570200
395 3541301
396 3523200
397 3856800
398 3460500
399 3631699
400 3772300
401 3500300
402 3544100
403 3769999
404 3483100
405 3557901
406 3557200
407 3541599
408 3553400
409 3881900
410 3836600
411 3583500
412 3896600
413 3708101
414 3480100
415 3865901
416 3838200
417 3542501
418 3563500
419 3591700
420 3494700
421 3695599
422 3548700
423 3557001
424 3593500
425 3469500
426 3569400
427 3549900
428 3524600
429 3544200
430 3903400
431 3545300
432 4771499
433 3631700
434 3691801
435 3542500
436 3552800
437 3582400
438 3458800
439 3659700
440 3537100
441 3495400
442 3631799
443 3509400
444 3544301
445 3540400
446 3591699
447 3579500
448 3557600
449 3554700
450 3547701
451 3557500
452 3500901
453 3472699
454 3809700
455 3636499
456 4643900
457 3677701
458 3748900
459 3578600
460 3677900
461 3705701
462 3558400
463 3668499
464 3810500
465 3555199
466 3634800
467 3752901
468 3488001
469 3825699
470 3770100
471 3539099
472 3622799
473 3735200
474 3467900
475 3905100
476 3742300
477 3607801
478 3708300
479 3771901
480 3807700
481 3729500
482 3726299
483 3921900
484 3478500
485 3639100
486 3709799
487 3559101
488 3690500
489 3647400
490 3514400
491 3574801
492 3814600
493 3463500
494 4050899
495 3636500
496 3465500
497 3906800
498 3643100
499 3477699
500 3741800
501 3745001
502 3648200
503 4779999
504 3724300
505 3560800
506 3572399
507 3568900
508 3558700
509 3557899
510 3609600
511 3559100
512 3546900
513 3585700
514 3537800
515 3545000
516 3627700
517 3461300
518 3612501
519 3570600
520 3518201
521 3560901
522 3622799
523 3540700
524 3540100
525 3542900
526 3544800
527 5002300
528 3919101
529 3572599
530 3545201
531 3558300
532 3539200
533 3552299
534 3541801
535 3542901
536 3545300
537 3548101
538 3544600
539 3558101
540 3536099
541 3536400
542 3561900
543 3541800
544 3540300
545 3547900
546 3544500
547 3552700
548 3693999
549 3523200
550 3676700
551 3550101
552 3547100
553 3541900
554 3536200
555 3547599
556 3698600
557 3874000
558 3543301
559 3547600
560 3620699
561 3535900
562 3543700
563 3539099
564 3494200
565 3648900
566 3535100
567 3542399
568 3545200
569 3552201
570 3533500
571 3654401
572 3602201
573 3554199
574 4650099
575 3843900
576 3548000
577 3547801
578 3617399
579 3540300
580 3546800
581 3648100
582 3460000
583 3784700
584 3565000
585 3559400
586 3544600
587 3537700
588 3536800
589 3540001
590 3519800
591 3460900
592 3752201
593 3540801
594 3536200
595 3563100
596 3541200
597 3544500
598 4723800
599 3716600
600 3621500
601 3969400
602 3699200
603 3648501
604 3690699
605 3629999
606 3638001
607 3742800
608 3624600
609 3539899
610 3734400
611 3622600
612 3684899
613 3705200
614 3725801
615 3460401
616 3728100
617 3609799
618 3593600
619 3706900
620 3469000
621 3636200
622 3735900
623 3965000
624 3504300
625 3697699
626 3674501
627 3564299
628 3539400
629 3646300
630 3564200
631 3754701
632 3684201
633 3518001
634 3731400
635 3948300
636 3465600
637 3589800
638 3859999
639 3460900
640 3786001
641 3824900
642 3563701
643 3653900
644 3781599
645 4883700
646 3551201
647 3562300
648 3624699
649 3561100
650 3558200
651 3549299
652 3553999
653 3550199
654 3585600
655 3495700
656 3689899
657 3542200
658 3549401
659 3805300
660 3461200
661 3970500
662 3557900
663 3523000
664 3464800
665 3724700
666 3541701
667 3541700
668 3572600
669 3975800
670 3799000
671 3620999
672 3680099
673 3769900
674 3499400
675 3869100
676 3613500
677 3465801
678 3710300
679 3610299
680 3554500
681 3683399
682 3636600
683 3617600
684 3760800
685 3620400
686 3620801
687 3883699
688 3577800
689 3628900
690 3723399
691 3701600
692 4702801
693 3838801
694 3830700
695 3674600
696 3655599
697 3788799
698 3678200
699 3574599
700 3791900
701 3793301
702 3490899
703 3777800
704 3814101
705 3584200
706 3675800
707 3780501
708 3486401
709 3624300
710 3685001
711 3696500
712 3491799
713 3851899
714 3684400
715 3556201
716 5028799
717 4254299
718 3599201
719 3519500
720 3715900
721 3644900
722 3568200
723 3706301
724 3636800
725 3569599
726 3813000
727 3595500
728 3634200
729 3895300
730 3714200
731 3555100
732 3819700
733 3731300
734 3543800
735 3725401
736 3635100
737 3562201
738 3713499
739 4043700
740 3751600
741 3635300
742 3710001
743 3687400
744 3553600
745 3746800
746 3773499
747 3554799
748 3804299
749 3647001
750 3556199
751 3616700
752 3643300
753 3635400
754 3750400
755 3623901
756 3644300
757 3683800
758 3651400
759 3633300
760 3688101
761 3692399
762 3543399
763 4570300
764 3984600
765 3700800
766 3671701
767 3724400
768 3527501
769 3556600
770 3844299
771 3514500
772 3525500
773 4368299
774 3609500
775 3551001
776 3699101
777 3628700
778 3551401
779 3857301
780 3583700
781 3592300
782 3722700
783 3677400
784 3631299
785 3673801
786 3635101
787 4587200
788 3803800
789 3775300
790 3549600
791 3723001
792 3805900
793 3541999
794 3720100
795 3669000
796 3556301
797 3734600
798 3668200
799 3608301
800 3694100
801 3671500
802 3645400
803 3752700
804 3814500
805 3565701
806 3701500
807 3999900
808 3602100
809 3833500
810 3752600
811 3742700
812 3562700
813 3575200
814 3628200
815 3562500
816 3570400
817 3651799
818 3481500
819 3820999
820 3568200
821 3575900
822 3769401
823 3705700
824 3479300
825 3638501
826 3581701
827 3580200
828 3568099
829 3596800
830 3560200
831 3554900
832 3796200
833 3481601
834 5099700
835 3673100
836 3522400
837 3540601
838 3535700
839 3548800
840 3550200
841 3575700
842 3536701
843 3542699
844 3574400
845 3496700
846 3705000
847 3699000
848 3497101
849 3719900
850 3587500
851 3533400
852 3793300
853 3653000
854 3556299
855 3553200
856 3690300
857 3459501
858 4799499
859 3749400
860 3552399
861 3548600
862 3582601
863 3536400
864 3541800
865 3553100
866 3548700
867 3625499
868 3582400
869 3523799
870 3553201
871 3524801
872 3525799
873 3769099
874 3543399
875 3538600
876 3752400
877 3461400
878 3649200
879 3806099
880 3534800
881 3541100
882 3632599
883 3590100
884 3536300
885 3537901
886 3694000
887 3494899
888 3932700
889 3541500
890 3537600
891 3552700
892 3548800
893 3534300
894 3641300
895 3535600
896 3540400
897 3715400
898 3537201
899 3555199
900 3945200
901 3465700
902 3552099
903 3550699
904 3540400
905 4585100
906 3722200
907 3534700
908 3549199
909 3566100
910 3524000
911 3553800
912 3778400
913 3536101
914 3544400
915 3748301
916 3458199
917 3630100
918 3621000
919 3534700
920 3545801
921 3661700
922 3491200
923 3658200
924 3537600
925 3551001
926 3861300
927 3542000
928 3607000
929 3686900
930 3708500
931 3559101
932 3538200
933 3609199
934 3539500
935 3543200
936 3652400
937 3541799
938 3543901
939 3549400
940 3535601
941 3638499
942 3658099
943 3532100
944 3722701
945 3547500
946 3546399
947 3541400
948 3547000
949 3542501
950 3556901
951 3546500
952 4587100
953 3655700
954 3635000
955 3544500
956 3542799
957 3545500
958 3540300
959 3565599
960 3532900
961 3544200
962 3703299
963 3544399
964 3556299
965 3796400
966 3461100
967 3578300
968 3600599
969 3521901
970 3659200
971 3641100
972 3546000
973 3550000
974 3564600
975 3544200
976 4783800
977 3938400
978 3537999
979 3553600
980 3698700
981 3493301
982 3722800
983 3552100
984 3526501
985 3628000
986 3710200
987 3496600
988 3642000
989 3555100
990 3548900
991 3548500
992 3548100
993 3534000
994 3538399
995 3546700
996 3493400
997 3692699
998 3496399
999 3461199
1000 3711300
