1 10505900
2 7376200
3 7388900
4 7360300
5 7439500
6 7449201
7 7353999
8 7347701
9 7339900
10 7354500
11 7320201
12 7466099
13 7402200
14 7323701
15 7335600
16 7339700
17 7349900
18 7511500
19 7390301
20 7348401
21 7342200
22 7304100
23 7388499
24 7751801
25 7366100
26 7343300
27 7574299
28 7323500
29 7348800
30 7345601
31 7286900
32 7463200
33 7481301
34 7391200
35 7345599
36 7361299
37 7357401
38 7332200
39 7368800
40 7659000
41 7590700
42 7482399
43 7598300
44 7343601
45 7534500
46 7336600
47 7382799
48 7528700
49 7529401
50 7327000
51 7370000
52 7336201
53 7341801
54 7333899
55 7579400
56 7428700
57 8146100
58 7363100
59 7346699
60 7334200
61 7389800
62 7321800
63 7539100
64 7501300
65 7457200
66 7471001
67 7326800
68 7423900
69 7364700
70 7310100
71 7500400
72 7732600
73 7475899
74 7819899
75 7328199
76 7333800
77 7330601
78 7686400
79 7402500
80 7341700
81 7351301
82 7316101
83 7348399
84 7338700
85 7328800
86 7475900
87 7332399
88 7284900
89 7554500
90 7335100
91 7340801
92 7336501
93 7327301
94 7318500
95 7467500
96 7472799
97 7526600
98 7329400
99 7363101
100 7327199
101 7452701
102 7428100
103 7640400
104 7630900
105 7443800
106 7339799
107 7323600
108 7305900
109 7429800
110 7386100
111 7541301
112 7329900
113 7317200
114 7362400
115 7655900
116 7357400
117 7301600
118 7441400
119 7790099
120 7498100
121 7547999
122 7660500
123 7410900
124 7650900
125 7547900
126 7919501
127 7655400
128 7571301
129 7520500
130 7529100
131 7655301
132 7468899
133 7579700
134 7599701
135 7580701
136 7434000
137 7357500
138 7368001
139 7212400
140 7488101
141 7280200
142 7295101
143 7669001
144 7329701
145 7335300
146 7321200
147 7563499
148 7316600
149 7454899
150 7382101
151 7348399
152 7322701
153 7368100
154 7455700
155 7639900
156 7335000
157 7380000
158 7420800
159 7332900
160 7531401
161 7504300
162 7340201
163 7353900
164 7525600
165 7291000
166 7342199
167 7393701
168 7325699
169 7334000
170 7470899
171 7665699
172 7722401
173 7443800
174 7477500
175 7577400
176 7599999
177 7388300
178 7434299
179 7651700
180 7592700
181 7570499
182 7915600
183 7540200
184 7532801
185 7517199
186 7556800
187 7561499
188 7664400
189 7596001
190 7950300
191 7472501
192 7434501
193 7547301
194 7808600
195 7393800
196 7424100
197 7631400
198 7773699
199 7612800
200 7550799
201 7459000
202 7389900
203 7904301
204 7674000
205 7451300
206 7549299
207 7623100
208 7479100
209 7517799
210 7478300
211 7471100
212 7490301
213 7871600
214 7836000
215 7453399
216 7529499
217 7487800
218 7528800
219 7738400
220 7511200
221 7634700
222 7536300
223 7646000
224 7603900
225 7424899
226 7537799
227 7836200
228 7772099
229 7530501
230 7474300
231 7467600
232 7551700
233 7434801
234 7473701
235 7545699
236 7482100
237 7620100
238 7557200
239 7549100
240 7560599
241 7315400
242 7684199
243 7751600
244 7479900
245 7754699
246 7615900
247 7477300
248 7480499
249 7514000
250 7584400
251 7651500
252 7785501
253 7604300
254 7491099
255 7491600
256 7339700
257 7589900
258 7263900
259 7356200
260 7441500
261 7359701
262 7334600
263 7339100
264 7499801
265 7495701
266 7469900
267 7570199
268 7515400
269 7460400
270 7503399
271 7521299
272 7891000
273 7530701
274 7565800
275 7528399
276 8172400
277 7584701
278 7511700
279 7504900
280 7464600
281 7569100
282 7556701
283 7482901
284 7408101
285 7541300
286 7494600
287 7448200
288 7575600
289 7417800
290 7522600
291 7677900
292 7502900
293 7522900
294 7407200
295 7577201
296 7580701
297 7690499
298 7487200
299 7396100
300 7547300
301 7609900
302 7652300
303 7490500
304 7468400
305 7521399
306 7703500
307 8060700
308 7975700
309 7554400
310 7763499
311 7558300
312 7491500
313 7415301
314 7513101
315 7558200
316 7597900
317 7497801
318 7473700
319 7365300
320 7771500
321 7554799
322 7362600
323 7561500
324 7614100
325 7462599
326 7334400
327 7334500
328 7392599
329 7461999
330 7383500
331 7870301
332 7337600
333 7360500
334 7327499
335 7344600
336 7526800
337 7605900
338 7360600
339 8388600
340 7334001
341 7349900
342 7271001
343 7315700
344 7558100
345 7691600
346 7353800
347 7327800
348 7316900
349 7375000
350 7496499
351 7332900
352 7276601
353 7459200
354 7559099
355 7342901
356 7343999
357 7340199
358 7333300
359 7359799
360 7358600
361 7342500
362 7358600
363 7373001
364 7425300
365 7329899
366 7380401
367 7618799
368 7464900
369 7543399
370 7985101
371 7331800
372 7521501
373 7327399
374 7346601
375 7327700
376 7349000
377 7342601
378 7345000
379 7336000
380 7331299
381 7339800
382 7262499
383 7356101
384 7571400
385 7367300
386 7402500
387 7327400
388 7425600
389 7352699
390 7324001
391 7606900
392 7299401
393 7394000
394 7337001
395 7343100
396 7340400
397 7338200
398 7402499
399 7361601
400 7833500
401 7554200
402 7426701
403 7740800
404 7409500
405 7342900
406 7493400
407 7304901
408 7360700
409 7711501
410 7629699
411 7458401
412 7498500
413 7461700
414 7193000
415 7403600
416 7405500
417 7427600
418 7647599
419 7372701
420 7357400
421 7333000
422 7362999
423 7438100
424 7542900
425 7348399
426 7426601
427 7351600
428 7358800
429 7330900
430 7325601
431 7537700
432 7338201
433 7344400
434 7738600
435 7366201
436 7431100
437 7326801
438 7352401
439 7343000
440 7401600
441 7306200
442 7439300
443 7342100
444 7446400
445 7286301
446 7344801
447 7401300
448 7501200
449 7342701
450 7492300
451 7530400
452 7335800
453 7370000
454 7324200
455 7506400
456 7454900
457 7347200
458 7419000
459 7412100
460 7438800
461 7372900
462 7340000
463 7431300
464 7407099
465 7625000
466 7724700
467 7389401
468 7340500
469 7357900
470 7350900
471 7373301
472 7381500
473 7367401
474 7365201
475 7358299
476 7376100
477 7409200
478 7265900
479 7390199
480 7403900
481 7595101
482 7557200
483 7324500
484 7414400
485 7374800
486 7278601
487 7479299
488 7494899
489 7593001
490 7395800
491 7356800
492 7374901
493 7341700
494 7343000
495 7369801
496 7465700
497 7359300
498 7814300
499 7377900
500 7386901
501 7379200
502 7322501
503 7652299
504 7340500
505 7380200
506 7377000
507 7399400
508 7462300
509 7356200
510 7322599
511 7509799
512 7552900
513 7421199
514 7450400
515 7375600
516 7353000
517 7377201
518 7318401
519 7570200
520 7469199
521 7388100
522 7350800
523 7359700
524 7390200
525 7573600
526 7581601
527 7334300
528 7360400
529 7351400
530 7556100
531 7367400
532 7355000
533 7369200
534 7292700
535 7433400
536 7575000
537 7329100
538 7336701
539 7393500
540 7373500
541 7640500
542 7386500
543 7651501
544 7476000
545 7559100
546 7368500
547 7360300
548 7353300
549 7542501
550 7418000
551 7254999
552 7411800
553 7383699
554 7348799
555 7372000
556 7366200
557 7351599
558 7359901
559 7374201
560 7377901
561 7323001
562 7642100
563 7363500
564 7572901
565 7510400
566 7361100
567 7252701
568 7466501
569 7644700
570 7551900
571 7430700
572 7350499
573 7549700
574 7361400
575 7548700
576 7561101
577 7363700
578 7359400
579 7341699
580 7414299
581 7430100
582 7357900
583 7368900
584 7366400
585 7361799
586 7360100
587 7360000
588 7478701
589 7412700
590 7413901
591 7253500
592 7540000
593 7649901
594 7336400
595 7324000
596 7334100
597 7327000
598 7329500
599 7421900
600 7579500
601 7611601
602 7420300
603 7399600
604 7335700
605 7366901
606 7301200
607 7556799
608 7510300
609 7633501
610 7350000
611 7333700
612 7327099
613 7321400
614 7361901
615 7415600
616 7348400
617 7370300
618 7485400
619 7653100
620 7333700
621 7333300
622 7308400
623 7399400
624 7486200
625 7403499
626 7884499
627 7345400
628 7355500
629 7347400
630 7333100
631 7393400
632 7427700
633 7351501
634 7342201
635 7332099
636 7346200
637 7373700
638 7382100
639 7512400
640 7568001
641 7549000
642 7532400
643 7569900
644 7725000
645 7602600
646 7695399
647 7530301
648 7471700
649 7658400
650 7590500
651 7484499
652 7392900
653 7788000
654 7566200
655 7487001
656 7509700
657 7540900
658 7746200
659 7666201
660 7575999
661 7383599
662 7314300
663 7759800
664 7514999
665 7482700
666 7598900
667 7606800
668 7545900
669 7468299
670 7669500
671 7317999
672 7390100
673 7404400
674 7346901
675 7352000
676 7344300
677 7470799
678 7532700
679 7400901
680 7344801
681 7260400
682 7490101
683 7391499
684 7579300
685 7503601
686 7539700
687 7454399
688 7656199
689 8067700
690 7583000
691 7517100
692 7547500
693 7523800
694 7685400
695 7512300
696 7444100
697 7603801
698 7624700
699 7504401
700 7463200
701 7391301
702 7533800
703 7422101
704 7610099
705 7628100
706 7360300
707 7427599
708 7467300
709 7470299
710 7322499
711 7426200
712 7315500
713 7538900
714 7345901
715 7332800
716 7333001
717 7341800
718 7324600
719 7354800
720 7338299
721 7767500
722 7522500
723 7330701
724 7347800
725 7329499
726 7312600
727 7327100
728 7364899
729 7719699
730 7325699
731 7419800
732 7357899
733 7345200
734 7568699
735 7327700
736 7518501
737 7662901
738 7419000
739 7341700
740 7324700
741 7551300
742 7491200
743 7630501
744 7395399
745 7351600
746 7344000
747 7327100
748 7324300
749 7331501
750 7304000
751 7557200
752 7481100
753 7343300
754 7330000
755 7349100
756 7343500
757 7328400
758 7519300
759 7515300
760 7486600
761 7287600
762 7336299
763 7350100
764 7319899
765 7697800
766 7578801
767 7635200
768 7508600
769 7340400
770 7336899
771 7325601
772 7387599
773 7578199
774 7486700
775 7323200
776 7403799
777 7524100
778 7436700
779 7333800
780 7380001
781 7339900
782 8037299
783 7517000
784 7375800
785 7321801
786 7365700
787 7345700
788 7358000
789 7324701
790 7489100
791 7686099
792 7522900
793 7484700
794 7738301
795 7371701
796 7285100
797 7426300
798 7483900
799 7351701
800 7504100
801 7427100
802 7525999
803 7330699
804 7493599
805 7398200
806 7439000
807 7329000
808 7336400
809 7368900
810 7413400
811 7552200
812 7447600
813 7449601
814 7497000
815 7236000
816 8105400
817 7352900
818 7354201
819 7308300
820 7334700
821 7465000
822 7510200
823 7404200
824 7674500
825 7494699
826 7630500
827 7372700
828 7336700
829 7331600
830 7477399
831 7721000
832 7546299
833 7337100
834 7341000
835 7327100
836 7336800
837 7326200
838 7356500
839 7494099
840 7481301
841 7376700
842 7349699
843 7343100
844 7363899
845 7539901
846 7324700
847 8616399
848 7336099
849 7338500
850 7348000
851 7265000
852 7692000
853 7558100
854 7350000
855 7349100
856 7332099
857 7336600
858 7288500
859 7274701
860 7450899
861 7390401
862 7663800
863 7279300
864 7328901
865 7342400
866 7350400
867 7337201
868 7323400
869 7435100
870 7475300
871 7471400
872 7583800
873 7342800
874 7318800
875 7417301
876 7263900
877 7513900
878 7315600
879 8082400
880 7382701
881 7349900
882 7330600
883 7333900
884 7488900
885 7518500
886 7391799
887 7352800
888 7270300
889 7473900
890 7365699
891 7634201
892 7567799
893 7338999
894 7460400
895 7344500
896 7434401
897 7338900
898 7204301
899 7431300
900 7457700
901 7268800
902 7361400
903 7343100
904 7346800
905 7347601
906 7410499
907 7487299
908 7287400
909 7533000
910 7835600
911 7355899
912 7353900
913 7335700
914 7377100
915 7463300
916 7483401
917 7701199
918 7344100
919 7489801
920 7400900
921 7470599
922 7330700
923 7327600
924 7333599
925 7476901
926 7568199
927 7349000
928 7348400
929 7331400
930 7352201
931 7616000
932 7431100
933 7463800
934 7502701
935 7329099
936 7370601
937 7353100
938 7329200
939 7521500
940 8170200
941 7484800
942 7856799
943 7359500
944 7411200
945 7330700
946 7338700
947 7327700
948 7338300
949 7343200
950 7467399
951 7406600
952 7339100
953 7336100
954 7328200
955 7487499
956 7337301
957 7318901
958 7486199
959 7616500
960 7356500
961 7320199
962 7437200
963 7260601
964 7520400
965 7321000
966 7425701
967 7322500
968 7420600
969 7298100
970 7376800
971 7370900
972 7363699
973 7487100
974 7810200
975 7347400
976 7357901
977 7325300
978 7502801
979 7323300
980 7698300
981 7334201
982 7309900
983 7350401
984 7329400
985 7332300
986 7332001
987 7452200
988 7527099
989 7420501
990 7350600
991 7343400
992 7406201
993 7367200
994 7413000
995 7439000
996 7632900
997 7436600
998 7480900
999 7447901
1000 7325100
