1 22209100
2 12398601
3 9421200
4 8959100
5 7852700
6 9421800
7 11456100
8 7653900
9 7623200
10 7709100
11 7801699
12 9070601
13 9345400
14 9481499
15 9583901
16 9455200
17 9273301
18 9395399
19 9542100
20 9701801
21 9519701
22 9511600
23 9407500
24 9233001
25 9529799
26 9890800
27 9410800
28 9406200
29 9753000
30 7771400
31 7784501
32 7936700
33 7732300
34 8152300
35 7933000
36 7807900
37 7834400
38 7698301
39 7951100
40 8344700
41 7824499
42 7891900
43 7903500
44 7850401
45 7777899
46 7884900
47 7855699
48 7945400
49 7856600
50 7895700
51 8620800
52 7702301
53 7650499
54 7822601
55 7612900
56 7652399
57 7962400
58 7638500
59 7621199
60 7621401
61 7719600
62 7691200
63 7673800
64 7677800
65 7734500
66 7691400
67 7651600
68 7613501
69 7835500
70 7786100
71 7762600
72 8088700
73 8641301
74 7705500
75 7657500
76 7857799
77 7830500
78 7846601
79 7827400
80 7625099
81 7705000
82 7616700
83 7712700
84 7535099
85 7651000
86 7631000
87 8208401
88 7617500
89 7643901
90 7615800
91 7665900
92 7676700
93 7619101
94 7699600
95 8943300
96 7741201
97 7620700
98 7589300
99 7893800
100 7603499
101 7651000
102 7939500
103 7744000
104 7793600
105 7731900
106 7977300
107 7730000
108 7695499
109 7636700
110 7643500
111 7642400
112 7646100
113 7623399
114 7669901
115 7603099
116 7925700
117 7629800
118 8073801
119 7838601
120 7849400
121 7771701
122 7874800
123 7801500
124 7974900
125 7861599
126 7828200
127 7711700
128 8035701
129 7767500
130 7927700
131 8166599
132 7980399
133 8094901
134 7803999
135 8018800
136 7753701
137 7836600
138 7853700
139 7878301
140 7863799
141 7847400
142 7881400
143 7868700
144 7888201
145 7682000
146 7793600
147 8086799
148 7898099
149 7927200
150 7775401
151 7825700
152 8148400
153 8118500
154 7969100
155 7870299
156 7882701
157 7879300
158 7851999
159 7742199
160 7852100
161 8024600
162 7835500
163 7767200
164 7691400
165 7918901
166 7764401
167 7810701
168 7819900
169 7854100
170 7835700
171 7985100
172 7885200
173 7704200
174 7942400
175 8005899
176 8133000
177 7846701
178 7710901
179 7783600
180 7749701
181 7821300
182 7810799
183 7935400
184 7833800
185 7976500
186 8061301
187 7870900
188 7853900
189 7970501
190 7830301
191 8064000
192 7837100
193 7919400
194 7826900
195 7800501
196 7737500
197 7771200
198 7971099
199 7882500
200 7726200
201 7769100
202 7666600
203 7978300
204 7896500
205 7846500
206 8134100
207 7936400
208 7911800
209 7758601
210 7898800
211 7936401
212 7774500
213 7809100
214 8096600
215 7832700
216 7964400
217 7974399
218 7830600
219 7735100
220 7839100
221 7791800
222 7779600
223 7780599
224 7760900
225 8151700
226 7887801
227 7816601
228 9004100
229 7786900
230 7911601
231 7988800
232 7818599
233 7700300
234 7955400
235 8448400
236 8001100
237 7825100
238 7795500
239 7764199
240 7843900
241 8596200
242 7756800
243 7783599
244 8223899
245 7821599
246 8724799
247 7742201
248 7995201
249 7821900
250 8315000
251 7853901
252 7716299
253 7913900
254 7799600
255 7703800
256 7843199
257 7718199
258 7754000
259 7821500
260 7781900
261 7927601
262 8511700
263 7830300
264 8998699
265 7958700
266 7793599
267 7878199
268 7836500
269 7808700
270 7829400
271 8022700
272 7986400
273 7792601
274 7915400
275 7838900
276 7763799
277 7902300
278 7910599
279 7878600
280 7917200
281 7867000
282 8924200
283 7819599
284 7659399
285 8027700
286 7867600
287 7770800
288 7960500
289 7704701
290 7783800
291 7824701
292 7927900
293 7836701
294 7888901
295 8313701
296 7785701
297 7852900
298 7964999
299 7969099
300 9346799
301 7912501
302 7758300
303 7819699
304 7948800
305 7853799
306 7846400
307 7766800
308 7777201
309 8071200
310 7793500
311 7813199
312 7691701
313 7718199
314 7882100
315 8054001
316 7850800
317 7922500
318 9046901
319 7883699
320 7628801
321 7561599
322 7798300
323 7911699
324 8013401
325 7949200
326 7807400
327 7974300
328 7647800
329 7946999
330 7626600
331 7701400
332 7648399
333 7909900
334 7633800
335 7638301
336 7631201
337 7815000
338 7672500
339 7643701
340 7667100
341 7685200
342 7627600
343 7612400
344 7695400
345 7920101
346 7625200
347 7665200
348 7685699
349 7769701
350 7666699
351 7623599
352 7665400
353 7623000
354 7625100
355 7869199
356 7615499
357 7618400
358 7501600
359 7682799
360 7648100
361 7631400
362 7623900
363 7621400
364 7614899
365 7887801
366 7824900
367 7647100
368 7954701
369 7625900
370 7628800
371 7611500
372 7634101
373 7890500
374 7780500
375 7830501
376 8140701
377 8033500
378 7666899
379 7738700
380 7763101
381 8015899
382 7632800
383 7738800
384 7971100
385 7641800
386 7619500
387 7580599
388 7695400
389 7644599
390 7725500
391 7918499
392 7747700
393 8054500
394 8063900
395 7927800
396 7634401
397 8142900
398 7888100
399 7856200
400 7836500
401 7769300
402 7773500
403 7841299
404 7992800
405 7823100
406 7850200
407 7898400
408 8142100
409 9297000
410 7772901
411 7916000
412 8170801
413 7837901
414 7861400
415 7652099
416 7701600
417 7628300
418 7804999
419 7668500
420 7619800
421 7628800
422 7650200
423 7680399
424 7834300
425 7642800
426 7859200
427 9147500
428 7778399
429 7862700
430 7639900
431 7637100
432 7623400
433 7651399
434 7782701
435 7661900
436 7913800
437 7814200
438 7620500
439 7725201
440 7958401
441 7774901
442 7635700
443 7681100
444 7644600
445 8669900
446 7733300
447 7611800
448 7615400
449 7782600
450 7920700
451 7778200
452 7680900
453 7623700
454 7775900
455 7618600
456 7618600
457 7870500
458 7608099
459 7868499
460 7819401
461 7613600
462 7515601
463 8830401
464 7690399
465 7978500
466 7695800
467 7652600
468 7818900
469 7735601
470 7660500
471 7627700
472 7585499
473 7932200
474 7725199
475 8237900
476 7798700
477 7642601
478 7622699
479 7636500
480 7704300
481 8402200
482 7624901
483 7628301
484 8087001
485 7625300
486 7627200
487 7760000
488 8062599
489 7886000
490 7548500
491 7858700
492 7655400
493 7624701
494 7600700
495 7823399
496 7666101
497 7620201
498 7704901
499 9051600
500 7709099
501 7658399
502 7646801
503 7777499
504 7856801
505 7642000
506 8265300
507 7677500
508 7624001
509 7610200
510 7616800
511 7796600
512 7915900
513 7688001
514 7624900
515 7688701
516 7794900
517 7719701
518 7664900
519 7754701
520 7551700
521 7567401
522 7635100
523 7614600
524 7619300
525 8066099
526 7675900
527 7840400
528 7713200
529 7931900
530 7727000
531 7631500
532 7632600
533 7624800
534 7649901
535 7619500
536 7693699
537 7621500
538 7629200
539 7626701
540 7624500
541 7670801
542 7629299
543 7637599
544 7907500
545 7758600
546 7601400
547 7624800
548 7705600
549 7686400
550 7759200
551 7686501
552 7844201
553 7644800
554 7694500
555 7676601
556 7616900
557 7759900
558 7710200
559 7627601
560 7832400
561 7872200
562 7805500
563 8021700
564 7630601
565 7629701
566 7774500
567 7626500
568 7710900
569 7616100
570 7896000
571 7747100
572 7730099
573 7718200
574 7583799
575 7676201
576 7623599
577 7571301
578 7738200
579 7892600
580 7505600
581 8070799
582 7592401
583 7713900
584 7616700
585 7555500
586 7778500
587 7594401
588 7815000
589 7856300
590 8770599
591 7623599
592 7628901
593 7695700
594 7582999
595 7650800
596 8169000
597 8034300
598 7626001
599 7623701
600 7607401
601 7659400
602 7637401
603 7608600
604 7614001
605 7672601
606 7634800
607 7612799
608 8690500
609 7715900
610 7619301
611 7873300
612 7862100
613 8043200
614 7669800
615 7628801
616 7995200
617 7889500
618 7614600
619 7618901
620 7905000
621 7631000
622 7620500
623 7594000
624 7826800
625 7826200
626 8361801
627 7612500
628 7627400
629 7634900
630 7622300
631 7623300
632 7636299
633 7641400
634 7639800
635 7620500
636 7629100
637 7672301
638 7641100
639 7981800
640 7662001
641 7626100
642 7816599
643 7963200
644 8717099
645 7660700
646 7661001
647 7879400
648 8029300
649 7664600
650 7681500
651 7698000
652 7683300
653 7759100
654 8394201
655 7618600
656 7611900
657 7926500
658 7730900
659 7618901
660 7630101
661 7631800
662 9090799
663 7643000
664 7638800
665 7611000
666 7642899
667 7646099
668 7758600
669 7618000
670 7815199
671 7629399
672 7670100
673 7683000
674 7651401
675 7605699
676 7913700
677 7654700
678 7630599
679 7621200
680 8754500
681 7774501
682 7616400
683 7840300
684 7651399
685 7854701
686 7619701
687 7930200
688 7617900
689 7637300
690 7617400
691 7872899
692 7732200
693 7635500
694 7563100
695 7657900
696 7712100
697 7772000
698 7773600
699 7686300
700 7665200
701 7636299
702 7788801
703 7753601
704 7688300
705 7951800
706 8014299
707 7773300
708 7660100
709 7963199
710 8292600
711 7773500
712 7811999
713 7689100
714 7950701
715 7971200
716 7940701
717 7827300
718 7893600
719 7851700
720 7810901
721 7857100
722 7797400
723 7838401
724 7900799
725 8100500
726 7746500
727 7781900
728 7834100
729 8102000
730 7992700
731 7777200
732 7930200
733 7818100
734 7867299
735 7700499
736 7822900
737 7571500
738 7930500
739 7662900
740 7618100
741 7626100
742 7614100
743 7751200
744 7615600
745 7814800
746 7880001
747 7634199
748 7715200
749 7613099
750 7612500
751 7879300
752 7747600
753 7924100
754 7911401
755 7875100
756 7892901
757 7788200
758 7845900
759 8104800
760 8095799
761 7944701
762 7621300
763 7659400
764 7806200
765 7621400
766 7622901
767 7639000
768 7637500
769 7627799
770 7625901
771 8938500
772 7791300
773 7848900
774 7884899
775 7879300
776 8002700
777 7921400
778 7819700
779 7821000
780 7936500
781 7871900
782 7979700
783 7891200
784 7914900
785 7974600
786 8248100
787 7853600
788 8121800
789 9394200
790 7962300
791 7844300
792 7629300
793 7995101
794 7655400
795 7834201
796 7672600
797 7630199
798 7656001
799 7646300
800 7710700
801 7682500
802 7630199
803 7936200
804 7761301
805 7645300
806 7908399
807 8786300
808 7922300
809 7891900
810 7711799
811 8137799
812 7882400
813 7950900
814 8401699
815 7753500
816 7709901
817 7625100
818 7639000
819 7642499
820 7646100
821 7762100
822 7616699
823 7631400
824 7622500
825 8806399
826 7719800
827 7640701
828 7631601
829 7757600
830 7716700
831 7885600
832 7730099
833 7635499
834 7631800
835 7659301
836 8027799
837 7624699
838 7664500
839 7636999
840 7640000
841 7932601
842 8113701
843 8851300
844 7726399
845 7689901
846 7676199
847 7671001
848 7974300
849 7898901
850 7914100
851 7656200
852 7645900
853 7633100
854 7639400
855 7650301
856 7641100
857 7654900
858 7644200
859 7633000
860 7653300
861 8693999
862 7683999
863 8356400
864 7660100
865 7637901
866 8242201
867 7885800
868 7719899
869 7654200
870 7651399
871 7622600
872 7641901
873 7691899
874 7659100
875 7865799
876 7661600
877 7630399
878 7656400
879 8789800
880 7640699
881 7773100
882 7634501
883 7640000
884 7620899
885 7628900
886 7683600
887 7635701
888 7630299
889 7635600
890 7617400
891 7622699
892 7620099
893 7643700
894 7623000
895 7766600
896 7640500
897 7716401
898 7685700
899 7660300
900 7625200
901 7622500
902 7685600
903 7629000
904 7663400
905 7633301
906 7746200
907 8015600
908 7804100
909 7542500
910 7668300
911 7617900
912 7644099
913 7620600
914 7621200
915 7614701
916 7714300
917 7704199
918 7699300
919 7797901
920 7680400
921 7783900
922 7671100
923 7706901
924 7784301
925 7945500
926 8108700
927 7813200
928 7624999
929 7673700
930 7738000
931 7635400
932 7616200
933 7787801
934 7664400
935 7625000
936 7818100
937 7613700
938 7665001
939 8794900
940 7648501
941 7614700
942 7608200
943 7624001
944 7670000
945 7688700
946 7634500
947 7630200
948 7650701
949 7623300
950 7637600
951 7630200
952 7751499
953 8203300
954 7645899
955 7669401
956 7627801
957 8271500
958 7740000
959 7658799
960 7623700
961 7638099
962 7869000
963 8070300
964 7641800
965 7627000
966 7628900
967 7636901
968 7622799
969 7670200
970 7917899
971 7923499
972 7861500
973 7807700
974 7927000
975 7721501
976 7959800
977 7842999
978 7813200
979 7728600
980 7786501
981 7934000
982 7745199
983 7909800
984 7644900
985 7903599
986 7998699
987 7638699
988 8858800
989 7848401
990 7800000
991 7894501
992 7975600
993 7796900
994 7879300
995 7975000
996 7833401
997 7811600
998 7820500
999 7962600
1000 7702700
