1 16070800
2 9132501
3 8950600
4 14887301
5 8875901
6 8861900
7 9073599
8 12176600
9 12064000
10 12143600
11 12261799
12 12338900
13 12124399
14 12956500
15 12190401
16 12126400
17 14145400
18 9146400
19 8915401
20 8869000
21 9438301
22 9112400
23 8763899
24 8763600
25 8980900
26 8837200
27 9075199
28 8913699
29 9227300
30 11350400
31 9124700
32 8956401
33 8953101
34 8989700
35 8792299
36 8773401
37 8915701
38 8899900
39 8835100
40 8932700
41 8832301
42 8832700
43 15308500
44 12316001
45 12715000
46 12287100
47 12113500
48 12655001
49 12284200
50 12749101
51 12328499
52 12095699
53 8943800
54 8784300
55 8853399
56 8761601
57 8773900
58 8759799
59 8745300
60 8857000
61 11755100
62 9010800
63 9328700
64 8994399
65 9050599
66 8981700
67 9064800
68 9185201
69 9026901
70 9086501
71 8979300
72 8819101
73 8773600
74 8823500
75 9189400
76 8883700
77 9023700
78 8712400
79 8876899
80 11353800
81 8842900
82 8888500
83 8929100
84 8835700
85 8867899
86 8980300
87 8765500
88 8970500
89 8782499
90 8681501
91 8930600
92 8805800
93 9032101
94 8899001
95 8700500
96 9148900
97 9503000
98 9119200
99 11411300
100 8848500
101 9162100
102 8789100
103 8762399
104 8797099
105 8931199
106 8737500
107 8761399
108 8941000
109 8884600
110 9176101
111 8971300
112 8783300
113 8787200
114 9109400
115 8735600
116 8879800
117 8963899
118 14175300
119 12603299
120 12463000
121 13212400
122 12642299
123 12380199
124 12100200
125 8801300
126 8860700
127 8896299
128 8782501
129 8792101
130 8797799
131 8781500
132 8769599
133 8929401
134 8747499
135 9063800
136 8793000
137 8881000
138 8757200
139 12026600
140 8936300
141 9119600
142 8941399
143 8933999
144 9169300
145 9124300
146 9166299
147 9090301
148 9552600
149 8938001
150 9121801
151 8839400
152 9101500
153 8907400
154 9036100
155 8975201
156 9061700
157 9144301
158 9031800
159 11638001
160 8940600
161 8801799
162 8763501
163 8786900
164 8758900
165 8844201
166 8778900
167 8761001
168 8780199
169 8886899
170 9081400
171 8866300
172 8774499
173 9468700
174 8973001
175 8997300
176 8920501
177 9043701
178 9068699
179 11782499
180 9045400
181 9056900
182 9239100
183 8987200
184 8897501
185 9374700
186 9008101
187 9356700
188 8949200
189 9054401
190 9037300
191 9026900
192 8864200
193 8939400
194 9141801
195 8916500
196 9348700
197 8910001
198 9281100
199 8959601
200 9131200
201 8782101
202 8877201
203 8778500
204 8950400
205 8996801
206 8792000
207 8791799
208 8740300
209 8948099
210 8759199
211 8957500
212 8800100
213 8859001
214 9457801
215 8793700
216 8779800
217 8771800
218 8801800
219 8897199
220 8873400
221 8846100
222 8844800
223 8753901
224 8733000
225 9757700
226 9105900
227 9063199
228 8754000
229 8783300
230 8763700
231 8884300
232 8778299
233 8722900
234 8772000
235 8774099
236 8934400
237 8726900
238 8990299
239 8974100
240 8826000
241 8791701
242 8815800
243 8785500
244 8777000
245 8987000
246 8999200
247 8784701
248 8818000
249 8815000
250 8801699
251 9110699
252 8720900
253 8771701
254 8910800
255 8808100
256 8770499
257 8798801
258 8977100
259 8803300
260 9130699
261 9186001
262 8996900
263 9146601
264 9050701
265 9086599
266 8992200
267 9097501
268 9174301
269 9081799
270 9166901
271 9032000
272 9002100
273 8993401
274 9041400
275 8938500
276 9466799
277 8860400
278 8957500
279 9024699
280 10412101
281 9050800
282 8972600
283 8941300
284 9069299
285 9116700
286 9015600
287 9229199
288 9228401
289 9085600
290 8907100
291 9074899
292 9085501
293 9262701
294 8993199
295 9102800
296 9269500
297 9187801
298 8892899
299 8975300
300 10004700
301 8815601
302 8791100
303 8822200
304 8856100
305 9291400
306 8839000
307 8791799
308 8794100
309 8809700
310 8725301
311 9108401
312 8986000
313 8991100
314 8816700
315 8795001
316 8941100
317 8832400
318 8932400
319 9022400
320 10092600
321 8856900
322 8849800
323 8841099
324 8957501
325 8841200
326 8846599
327 8821200
328 8810500
329 8838800
330 9012001
331 8951200
332 8964400
333 8836100
334 8859099
335 8818700
336 8812300
337 8835100
338 8827300
339 8832400
340 8808400
341 9917501
342 8828699
343 8870800
344 9012600
345 9198100
346 8837300
347 8950200
348 8793600
349 8787100
350 8884100
351 8761600
352 8811500
353 8791599
354 8853900
355 8844101
356 8921699
357 8983400
358 8766200
359 8971899
360 8782499
361 9800400
362 8782400
363 8809800
364 8819200
365 8768100
366 8832201
367 8907600
368 9058601
369 8735700
370 9062400
371 8915000
372 9023200
373 8817501
374 8790800
375 8821500
376 9007900
377 8763500
378 8797199
379 8819500
380 8938500
381 10057800
382 8772500
383 8879500
384 8922900
385 8830200
386 9454801
387 8816000
388 8857499
389 8801699
390 8802700
391 9016600
392 8815901
393 9138600
394 8857500
395 9212899
396 8978101
397 8891300
398 8774001
399 8868500
400 8839101
401 8807401
402 8801600
403 8840000
404 8826200
405 8817100
406 8817301
407 8900199
408 8878200
409 9227300
410 8654500
411 8918500
412 9381901
413 9289800
414 8820699
415 8780600
416 8932400
417 8794700
418 9324300
419 8864800
420 9214400
421 8819600
422 9824501
423 8734200
424 8821999
425 9085400
426 9078201
427 8779001
428 8771601
429 8785799
430 8801201
431 8764699
432 8777901
433 8779600
434 8842099
435 8791400
436 8784700
437 8770300
438 8772700
439 8902699
440 8750499
441 8791400
442 10211399
443 9573099
444 9011600
445 9567600
446 10009000
447 8809299
448 8774299
449 8772401
450 8775200
451 8768200
452 8895199
453 8752200
454 8766900
455 8752301
456 8765800
457 8863000
458 8769000
459 8766200
460 8670900
461 8842299
462 10116701
463 9642901
464 8750700
465 8929901
466 8773201
467 8842200
468 8758800
469 8737701
470 8970401
471 8950900
472 8762200
473 8670701
474 9181800
475 8755399
476 9123400
477 8878000
478 8762500
479 8791601
480 8801100
481 8772299
482 8659800
483 8800000
484 8783200
485 9142900
486 8767200
487 8892500
488 8934001
489 8777999
490 8767301
491 8758200
492 9807099
493 8757400
494 8771701
495 8763100
496 9138800
497 8779000
498 8725900
499 9019200
500 8851300
501 8781501
502 8760600
503 10375301
504 8783300
505 9303800
506 8758600
507 8791301
508 8781199
509 8889699
510 9070600
511 8766100
512 9011700
513 8794800
514 8765300
515 8755901
516 8934500
517 9969100
518 8709201
519 9656900
520 8765100
521 8763800
522 8774000
523 10071000
524 8764800
525 8782199
526 8750401
527 8789301
528 8994600
529 8826099
530 8969900
531 8767801
532 8985400
533 8795401
534 8770199
535 8741100
536 8753799
537 8959001
538 8851600
539 8796800
540 8781800
541 8932999
542 9002000
543 8779600
544 8778799
545 9379600
546 8767701
547 8762601
548 8756400
549 8778201
550 8782801
551 8768500
552 8841399
553 8969800
554 8770400
555 8858301
556 8778600
557 9028500
558 8824199
559 8759400
560 8812200
561 8786100
562 8852500
563 8901401
564 9916800
565 8825400
566 8757000
567 8837600
568 8753500
569 8858100
570 8831599
571 8762499
572 9376101
573 8771700
574 9075900
575 8702801
576 8985900
577 8752600
578 9138900
579 8838000
580 8724200
581 8994400
582 8740100
583 8902399
584 10478999
585 9173600
586 8776900
587 9243900
588 8790500
589 8777399
590 8942700
591 8777501
592 9232600
593 8758300
594 9073399
595 8891100
596 9088300
597 8788900
598 8900601
599 8950500
600 8794401
601 8781199
602 8758801
603 9020400
604 10107800
605 8873399
606 8838601
607 8925901
608 8827000
609 9188799
610 9027800
611 8825400
612 8993300
613 8856799
614 8771900
615 8871200
616 8927300
617 9351700
618 9004300
619 9174900
620 8864500
621 8833801
622 8785400
623 8957601
624 9005900
625 8992800
626 8771200
627 8784101
628 8757700
629 8888500
630 8908600
631 8964601
632 8693801
633 8787900
634 8792701
635 8712101
636 9110499
637 8833000
638 8863999
639 8777801
640 8780801
641 8779401
642 8777399
643 8959300
644 9047600
645 9983700
646 9048399
647 9202400
648 8889100
649 9210899
650 8973400
651 8927501
652 9128901
653 9025100
654 9068599
655 8937600
656 9329400
657 8884700
658 9056999
659 8942000
660 9070601
661 9106300
662 9105500
663 9039400
664 8741701
665 10504000
666 8889100
667 8770000
668 8740901
669 9483299
670 8945400
671 9023200
672 8957799
673 9192300
674 8838500
675 9166999
676 8916200
677 8872200
678 8908799
679 8772400
680 8780600
681 8765899
682 9156700
683 9167000
684 9067100
685 9931501
686 9141301
687 8972101
688 9162299
689 8876299
690 9103001
691 9089600
692 9223800
693 9267400
694 9088800
695 9072500
696 9063400
697 8981601
698 9315999
699 9099500
700 8979200
701 9165000
702 9030200
703 9773401
704 9203900
705 8942700
706 8852400
707 8841000
708 8730200
709 9134500
710 8875400
711 9124701
712 8764300
713 8899400
714 8724599
715 9271899
716 9584200
717 8877101
718 9348600
719 8867300
720 8770400
721 8918500
722 8807200
723 8776400
724 8864200
725 9053099
726 10182899
727 9048200
728 8934500
729 9772901
730 8771700
731 9970600
732 8803400
733 8781101
734 8760200
735 8842201
736 8771400
737 8776101
738 8884600
739 8927500
740 8929200
741 8769100
742 8698699
743 8768000
744 8992099
745 8888199
746 10014900
747 8847200
748 8842299
749 8854200
750 8832700
751 9048200
752 8802599
753 8840600
754 8829800
755 8808701
756 9034800
757 9457100
758 8765100
759 8769900
760 8785001
761 8790401
762 8812200
763 8783501
764 8836800
765 8780600
766 8779401
767 8794400
768 8766801
769 9110599
770 8895601
771 8809399
772 8808399
773 8764200
774 8900500
775 8767800
776 9112100
777 8826500
778 8800299
779 8766300
780 8645300
781 9017300
782 8817500
783 8772399
784 9191400
785 8763400
786 8780100
787 9820901
788 8758399
789 8766900
790 9378201
791 8762599
792 8922101
793 8757600
794 8767200
795 8769899
796 8794000
797 8991600
798 8768500
799 9337500
800 8759500
801 8890300
802 8781001
803 8763001
804 8773900
805 8762801
806 9089799
807 9865900
808 8769599
809 8771300
810 8769801
811 8944400
812 8893300
813 8759701
814 8763400
815 9037199
816 8903601
817 8982800
818 8774200
819 8814900
820 8795900
821 8833601
822 8910300
823 8791300
824 9338800
825 8751800
826 8937200
827 9934200
828 8784700
829 8780200
830 8750099
831 8903301
832 8735099
833 8767100
834 8741200
835 8791400
836 9426801
837 9460501
838 9092000
839 9151100
840 8925700
841 9037500
842 8925400
843 9028500
844 9346100
845 8982100
846 9124699
847 8833499
848 9119301
849 9035600
850 9241400
851 9267900
852 8974500
853 9088100
854 9051100
855 8978201
856 9464700
857 8943401
858 9001200
859 9113900
860 8960400
861 9012299
862 8965300
863 8962900
864 8952400
865 9055301
866 8907500
867 8974300
868 10045600
869 8892000
870 8802199
871 8839700
872 8936200
873 8777900
874 8996900
875 8979800
876 9438900
877 8885000
878 8783499
879 8782700
880 8742999
881 9053001
882 8800500
883 8788600
884 8783701
885 8921599
886 8750000
887 8931800
888 10401599
889 8932501
890 8940501
891 8768499
892 8763200
893 8743200
894 8959200
895 8759000
896 8799401
897 8775400
898 8716900
899 8886901
900 9028800
901 9105800
902 8798400
903 9104800
904 8759399
905 8783100
906 8783200
907 9024100
908 9765500
909 9009300
910 9031001
911 8965200
912 9012300
913 8742200
914 9182501
915 9250301
916 9071400
917 9005200
918 9057299
919 9036100
920 9188700
921 8999100
922 8943301
923 9232700
924 8925999
925 9179099
926 8856401
927 9248100
928 9047800
929 8987299
930 9017800
931 9011400
932 8876299
933 8851301
934 8838800
935 8838500
936 8780101
937 8721599
938 8900201
939 8704500
940 9009100
941 8842700
942 8935901
943 9403900
944 8805701
945 8769401
946 8688700
947 8715299
948 9122800
949 10236700
950 8986400
951 8959000
952 8831601
953 8913700
954 8959700
955 9045401
956 8773100
957 8772900
958 8773499
959 8762100
960 8809200
961 8770200
962 8798299
963 8983599
964 9095500
965 8808601
966 8924301
967 8850400
968 8864900
969 9985100
970 8926300
971 9066999
972 8979400
973 9213200
974 9107800
975 9371400
976 9067100
977 9055500
978 9009400
979 8858900
980 9290400
981 9024100
982 9231199
983 8977799
984 9096100
985 8999400
986 9369000
987 8861299
988 8864000
989 10044800
990 9053700
991 8981299
992 9128700
993 9026701
994 9035101
995 9495400
996 9052301
997 8952500
998 8929300
999 9126200
1000 9228401
